-1.71582	-14.3558
-3.64263	-10.4879
-11.0727	-7.10617
-5.02195	4.09738
-1.25437	-4.7787
6.14691	0.412204
-1.43017	-2.74928
-9.68883	-0.423656
-5.26595	-5.1019
-0.923204	2.14629
-4.78013	-22.0184
-22.2829	-17.902
-19.984	-0.303007
4.80868	-4.16995
-21.8196	3.32455
5.7091	-16.5225
-13.0464	-4.76345
-0.191553	-3.11431
-8.76414	-17.0591
-16.3951	5.24502
3.9853	-6.22611
-16.3205	-2.05885
-2.2725	-6.31712
-5.84489	-5.31504
-7.01285	-14.6374
-13.6587	-0.605654
3.18037	-17.0815
-22.6162	-0.992281
0.725743	-33.0896
-32.0996	-7.85598
-8.19515	3.07385
4.33141	-17.1812
-20.3865	-5.13682
-2.27847	-15.1137
-7.07953	-6.45431
-2.8464	10.673
4.94765	-15.3616
-15.6613	-16.5014
-18.617	-0.490722
2.6991	-29.7538
-35.6825	-7.64288
-5.58349	-2.16635
-3.06889	-8.38446
-8.55184	4.55894
1.26735	5.65927
3.73901	-8.99164
-9.56051	-0.380582
2.6736	-5.05097
-7.21922	-10.1344
-9.95848	-20.0346
-20.8948	0.755988
1.82467	-3.02983
-2.10733	-30.6638
-34.7892	-12.6836
-9.56855	-13.643
-22	-11.7335
-19.075	-9.10787
2.10006	-13.9368
-17.9278	1.85577
2.85619	-19.3026
-19.6678	0.812096
-4.27383	-3.77644
-3.36428	-10.9189
-11.2124	-18.8981
-20.3559	-2.80195
-2.20699	-15.0683
-16.5178	-14.4292
-16.4779	1.64532
4.05362	-1.82039
-3.44612	-11.0729
-10.4124	1.14668
3.3061	-9.1599
-10.0967	-5.63744
-2.62157	-1.08526
-3.397	-10.8155
-13.1075	-14.3225
-11.6549	-0.503594
-5.1064	-7.05955
-8.00337	-23.2358
-22.8021	-13.1176
-14.2178	-3.80817
-5.30294	-6.47525
-5.03085	-11.4723
-8.92124	-0.717124
-9.80542	-0.793379
-2.71046	-13.9553
-9.88154	-4.20985
-5.59006	-3.91936
-1.59211	-11.4689
-14.6512	-1.61833
-0.882517	-0.980246
-6.65151	-7.45829
-7.62145	-7.69037
-3.76999	-6.59348
-7.17295	-4.04397
-1.65669	0.82814
3.52533	-7.26449
-10.9443	-1.07943
-8.31971	-0.242969
-4.87616	-14.3246
-10.6532	-2.39205
6.54788	-17.2095
-12.0722	-15.6518
-15.853	1.81842
0.0965927	-22.6815
-18.5515	-5.50044
-6.93135	-9.09424
-6.68992	-6.15275
-10.9628	-7.67669
-7.2024	-10.6094
-7.12696	-2.20573
-7.94883	-7.89321
-6.36263	8.84208
8.43013	-0.9294
0.0642901	-32.5342
-32.9911	-3.18097
-6.12219	-11.4495
-0.555781	-8.48783
-18.5215	-5.21265
0.991838	-4.86057
-6.64312	-2.80638
0.683454	5.05317
3.21111	3.49962
1.49639	-5.33643
-1.18755	2.42717
1.75702	8.47726
2.13863	0.506645
4.18607	-13.6238
-12.9096	-12.0753
-13.6422	0.278052
3.82676	-22.3161
-8.35957	-17.0458
-10.9007	-12.5084
-1.82603	-0.456476
1.10271	-6.08825
-5.40901	0.11604
-0.88431	-7.2514
-8.31378	-12.838
-11.9216	2.86661
4.29987	-5.0775
-2.14622	-14.03
-11.8415	-21.9154
-24.3842	-10.7754
-8.56478	-4.14206
-0.189407	-1.17986
-2.43875	-8.39964
-8.66914	1.42012
-0.512808	-2.03883
2.45711	-19.2128
-17.3484	-10.3731
-9.09139	-1.54449
0.43719	5.66836
4.04301	-1.18204
-1.26825	-8.41853
-9.69691	-10.7398
-9.1094	2.31032
1.40413	-8.25484
-9.53408	-3.81839
-4.15906	-14.992
-12.6407	-0.235799
0.822057	-11.1031
-12.1041	-12.5297
-13.4747	-13.0861
-11.6736	-8.52796
-8.02274	0.321878
-5.55071	-13.7273
-8.54089	-8.7913
-6.51502	-23.5781
-34.3173	-6.78434
-9.86438	1.18621
6.94455	-0.816902
-4.38219	-12.4126
-9.076	-3.56748
-6.37066	-6.87871
-3.96789	-6.48326
-6.69987	-16.0575
-20.4316	-6.26721
-3.74567	-1.66618
4.23539	-1.24663
-1.71649	-14.9946
-16.883	-18.43
-19.4555	2.14253
-2.86872	-4.21127
-1.73718	-3.22389
-2.33536	1.41386
-3.79926	-15.9663
-13.2422	-9.92766
-1.90887	2.34241
-2.30121	-6.82835
-6.66912	-4.39372
-2.20578	-3.15011
-7.87748	-4.73941
-1.89004	-10.4969
-3.79505	-8.48092
-2.80002	-3.47151
-4.72311	-7.56368
-5.90814	-1.99046
-6.374	-9.55556
-10.7291	-2.49267
3.56192	4.68585
2.63069	-19.6101
-26.0428	-16.6326
-7.56139	-2.1165
-3.39553	-27.8366
-25.0168	-15.4836
-19.9315	6.17568
1.66356	1.69208
-0.0406447	5.10136
-1.33676	-14.7454
-13.3074	2.88094
0.879066	-18.5809
-14.8668	2.70881
4.99834	3.05773
-1.8858	-14.0395
-12.8697	-14.9964
-13.8127	-4.15177
-2.10136	-32.1886
-31.6577	-12.4467
-9.86754	-12.2682
-16.3995	-7.7869
-8.30326	-9.87434
-8.71748	3.39388
3.23207	-10.2753
-9.28178	1.75562
1.9994	-4.24451
-3.54526	-4.77798
-5.95154	-20.4538
-19.3163	-13.5182
-16.2079	-6.68068
-10.499	-9.47492
-10.5096	-11.5883
-4.62875	-18.231
-20.8495	-0.84407
-1.31179	4.74173
2.94776	5.63403
-3.24357	-3.87557
-16.7861	-7.80043
-4.2206	7.11637
-4.97221	-9.1149
-10.9163	-9.58306
-11.8602	-24.3351
-26.3001	-2.77145
0.917436	-19.1614
-21.5548	-16.2944
-10.6632	7.00246
5.39071	6.60734
5.86535	-6.02758
-12.368	-11.021
-9.16291	2.10847
4.75835	-6.64306
-4.59668	3.54115
0.417785	-2.41155
-0.84515	-15.6823
-14.6755	-24.1477
-22.985	-8.5923
-6.19874	-12.2075
-14.7692	-4.38051
-4.07015	-22.8403
-28.4615	0.0941913
-1.14555	5.8805
10.0658	-18.6844
-20.4937	-5.7002
-0.317459	-8.91937
-5.35489	-7.22775
-12.5277	1.14159
1.10482	-15.1899
-14.7229	-19.2201
-19.0217	3.54449
5.92352	-20.202
-23.6239	-1.82776
-1.88151	-22.4083
-22.3524	-6.8629
-3.95125	2.39356
0.000364528	-13.0768
-2.11067	-4.89653
-6.21252	-7.28893
-9.61343	-4.42056
7.12066	-2.08999
7.03008	-16.7229
-24.3428	-17.8902
-19.7702	-2.4065
4.18775	-15.9473
-26.2168	-12.6224
-13.9861	0.460051
2.39293	2.43105
5.09847	-1.74761
-1.56671	-18.7491
-13.8473	-6.00571
-5.60727	-11.8202
-8.13348	-11.4422
-8.77788	-5.19758
-4.50021	-16.1451
-9.40338	-13.4075
-18.3403	-7.81146
-10.8838	-11.7899
-10.2356	-17.4197
-18.2649	-19.9727
-22.5623	6.64962
5.71452	2.12525
0.621284	-7.11292
-6.5243	-12.6111
-7.96821	-5.03069
-10.7525	-13.3224
-12.9313	-2.85848
-8.61768	-10.9103
-8.66353	-18.8328
-19.1621	-8.75197
-3.6211	-18.7185
-14.536	-16.0592
-13.4781	-1.48026
2.89454	-4.33967
4.0087	1.6108
-3.86506	-0.139488
6.95732	-3.48803
-7.35883	-3.33268
-7.90423	-1.32517
-2.04863	-3.36754
-0.378178	-31.6891
-22.0752	-0.436726
-6.3517	-4.77119
-7.53606	-20.2469
-22.2227	-18.0531
-21.2024	-9.05729
-9.72841	5.9162
4.55929	-13.5994
-3.29046	2.87204
5.25017	-3.91707
0.136759	-8.76345
-7.41912	3.24789
-0.310025	-1.92932
-5.35278	-24.1187
-22.3441	-13.2573
-12.5459	-6.52873
1.44706	-10.9191
-13.9	-3.8036
0.459603	-2.30517
-4.88082	0.244967
-2.34168	-4.79275
-4.91712	-21.7754
-17.8539	0.905706
6.01359	-9.57238
-9.79646	-12.3845
-5.95868	-1.92261
-7.60683	-8.66964
-9.07128	-2.68405
-0.39969	-12.2868
-8.40602	-22.5559
-22.8159	-3.30689
-3.03351	-13.3044
-21.6873	-8.20016
-8.43376	3.6303
5.33133	-16.1942
-10.4976	4.82211
8.99727	-12.7992
-8.97146	-16.4989
-5.60721	3.12021
1.2586	-13.6586
-20.4361	-24.1479
-24.1828	-5.62571
2.72828	-2.36173
1.35934	-5.30644
1.55434	-20.7899
-29.7094	-4.22452
-7.44252	7.46979
2.66845	3.41319
-2.64075	-3.40936
-5.40182	-10.5699
-9.9457	-8.9094
-5.2985	-10.1475
-7.69091	-9.04123
-11.9153	-10.6364
-13.7517	2.07031
1.38805	-14.3375
-15.7147	-13.6543
-9.18482	-4.30189
-0.740673	2.54822
7.72903	-5.73032
-7.29033	-21.4337
-16.316	7.66626
5.39716	-8.63402
-7.57412	-4.95827
-2.06344	-2.88143
-3.95898	-14.0648
-12.588	-26.2405
-25.626	-2.75778
-1.2644	-11.2419
-19.5922	-6.11032
-5.89938	-22.1817
-20.1092	-5.82741
-1.94964	-7.74655
-5.53354	-13.2708
-8.70443	-5.03271
-3.43585	-11.5178
-12.0496	-11.3757
-11.9157	-2.47133
-2.85457	-12.6053
-13.8353	-10.3349
-7.9597	4.09556
0.0879801	-5.12126
-3.82495	-4.67994
-7.0071	-4.87159
-2.47851	-6.1317
-9.92608	-10.573
-1.20285	-1.59555
-2.14306	-1.82602
-0.0702217	-4.40025
-12.596	-2.24241
-2.99594	1.45691
-5.03767	-17.4498
-15.6529	-12.429
-11.559	-3.36983
-5.9955	-32.9859
-26.6221	-13.4966
-15.8813	-4.13354
-1.28612	-0.219686
-5.54362	6.52492
1.32833	2.93682
0.71268	-3.67912
3.44279	-5.56151
-13.5371	-3.55999
-1.39113	3.10525
5.25182	-25.7026
-24.6675	-8.06207
-9.59448	-3.48266
-0.37134	-3.12775
-0.151844	1.4695
-0.237842	1.54799
-7.13638	-2.77793
5.59251	0.317329
1.56237	-13.2939
-14.7957	-1.53998
2.09557	-7.34569
-12.1245	-6.90919
-0.527468	-8.71937
-10.4375	-18.6825
-24.6174	-7.32058
-6.0306	-4.31876
-10.412	-2.38269
-3.13413	-10.3263
-10.8149	-2.34047
-18.672	-15.0912
-7.79371	-4.83101
-6.76581	0.474714
1.23906	3.89422
9.07961	-13.2976
-5.87872	-5.38388
-0.770544	-3.18599
-8.62305	-9.52692
-8.27134	-14.383
-15.6476	0.271459
0.452424	-10.3421
-14.5864	-14.1836
-13.3184	-7.26463
-2.08948	1.22458
2.4094	1.97022
3.53937	-17.4306
-13.7399	-6.51342
-8.55191	-1.71118
-5.59367	-5.85233
-10.5431	-7.75559
-0.505509	-11.0596
-8.486	-19.3887
-12.5196	-7.2658
-11.5785	-24.9686
-23.9514	4.22272
4.54559	-16.4135
-18.8826	-10.7337
-10.3436	0.282366
-0.440205	-10.2133
-5.61014	-4.74797
-11.0307	-12.2758
-4.18772	-8.41857
-8.42973	-3.36031
0.725306	-27.3081
-28.9524	-15.7525
-10.485	4.2616
6.82203	-10.7641
-19.2452	-4.8447
-7.03435	3.01129
5.71372	-5.2819
-7.86324	-5.38509
-2.33009	2.92833
2.2937	-7.88328
-7.5024	-3.81742
-5.67193	-7.06799
-8.90249	0.5627
2.30316	-7.21315
-4.22685	-11.679
-13.2501	-7.42348
-10.123	-10.9471
-11.4712	-4.09023
-1.76348	-16.215
-21.8237	-12.6304
-11.8346	2.69102
3.87716	4.667
1.28068	-3.73939
0.505153	-5.0555
-8.65187	-12.6337
-7.13829	-11.5811
-5.09135	-18.1702
-8.27688	-22.0989
-23.5821	-6.72495
-6.08749	-17.1771
-19.3452	-7.28806
-6.97849	-1.55663
0.977261	5.06323
4.91118	-1.40717
-2.74282	-3.37233
-0.0926859	-5.58203
-2.6048	-7.3708
0.00398324	2.64729
-2.40063	-3.57899
-1.84194	-18.0525
-15.4695	5.89051
2.65267	5.72057
5.79062	-26.3819
-25.2639	-13.6201
-13.8522	-11.6792
-17.071	2.16344
3.23247	-3.20758
-9.74471	6.84627
3.31468	3.49985
2.50874	-7.69926
-6.28471	-12.3216
-6.02304	-6.34201
0.0588438	-29.5696
-30.4358	-7.49338
-7.57607	-9.42914
-14.8345	1.26889
4.85581	-6.92825
-8.48602	0.951675
4.19178	8.13566
5.78273	-5.4956
-7.16347	-8.24244
-21.0712	-10.9187
-2.5528	-0.150096
-5.60293	-5.71012
-1.29824	1.20192
0.219683	-12.1644
-12.0358	-26.8068
-28.2848	-5.02826
-3.86809	-7.93093
-5.29184	-0.377954
-2.74307	-15.0371
-11.9511	-7.041
-4.06902	-11.2628
-12.5673	-11.6885
-14.4208	-22.4479
-22.9333	-10.0218
-16.792	-13.7258
-11.9136	-15.886
-13.0476	-15.9594
-16.0818	-15.5227
-17.6765	0.833155
2.50566	-3.54215
-4.55621	-7.21077
-6.99613	-3.17825
-6.11348	-6.7127
-2.68659	-4.10685
-8.86762	-5.37112
0.664291	-7.98472
-3.2413	-0.409766
-0.520343	-2.1636
1.55651	-4.73673
-3.42403	-1.64918
-1.83634	-5.69719
-1.54669	1.71808
-2.94523	1.23083
-9.46348	-5.05774
-7.13346	-9.31548
-5.68125	-3.96132
-4.9353	-2.69435
-6.10063	3.14827
4.13411	-15.2933
-12.216	-8.99144
-8.85685	-13.8475
-15.4465	-13.1081
-13.6415	-5.11214
-0.403004	-4.64958
-4.13236	-7.58061
-6.1126	-4.98557
-7.16014	-14.1098
-5.12301	-14.5361
-12.8316	-20.5795
-23.4498	-5.76705
-9.13401	-4.78865
-6.49049	-5.65785
-8.87573	-2.68512
-2.14258	-0.330157
0.0590184	-4.60972
1.94184	3.98253
2.92873	1.94966
-1.14657	1.10144
-6.04623	-14.6106
-19.9687	-3.18177
-1.88476	-7.50745
-5.26772	-12.3728
-12.941	-15.8741
-15.607	1.03725
-1.7623	-32.0691
-29.932	-2.37495
1.60471	-7.79359
-18.1122	-9.06684
-14.1311	-2.05118
2.16297	-20.7732
-21.2163	1.88611
6.69754	-7.15635
-11.0799	-10.9841
-7.78207	3.01094
4.89966	-5.67395
-9.3382	-1.32599
3.99478	-6.64028
-4.75095	-15.8717
-12.591	-3.95727
-2.7897	-14.2762
-20.181	-7.57973
-11.9378	-2.01445
-0.710752	1.64689
-3.9029	-10.4675
-7.96856	-11.0825
-14.6613	-12.3374
-8.92454	1.50178
7.49881	-15.9975
-15.2676	-25.7103
-27.8937	-4.28106
-2.0194	-11.3886
-9.96691	-3.69043
-8.34179	-2.35509
-5.76348	-0.990012
-0.0403124	-7.38621
1.44994	-5.6277
1.13741	-4.42422
-8.04402	-5.59625
-8.19266	3.8221
9.29108	2.19513
-5.25571	-23.0747
-13.0774	-8.1556
-6.67961	-3.51985
-3.67051	-30.4571
-31.4357	-15.7509
-13.5132	-16.0331
-13.0529	-14.3476
-14.0877	5.18841
-0.60162	-6.16915
-4.45519	0.692978
-0.679253	-2.31763
-2.41852	-3.46026
-3.64617	-9.94111
-6.58755	-14.1019
-12.8989	-26.5937
-29.029	-6.32493
-7.43246	-11.7063
-12.7579	-3.3659
5.2732	-23.6218
-29.8706	-15.5006
-19.7232	-2.53313
-4.54638	-13.4687
-17.0691	10.5202
8.70149	-9.49754
-10.7696	-7.81386
-5.30412	-8.34341
-6.46086	-5.47721
-3.74999	-13.8635
-12.8579	-10.2885
-8.89866	-19.6448
-16.3723	2.434
-0.131324	-21.8659
-20.8352	-16.2263
-9.7051	3.33037
-2.41915	-19.9537
-18.0887	3.42626
2.87695	-5.7036
-3.79626	-4.40149
-3.63464	-5.46753
-7.99518	-6.30885
-9.79719	-5.15136
-8.45219	6.51691
8.61336	-10.1502
-10.0122	-3.80732
-0.547112	-9.15686
-8.508	-5.50835
-2.89227	1.36593
2.00278	-8.15794
5.78163	-3.5946
-6.44717	-9.54062
-8.59424	-0.502098
-0.26544	-12.8384
-11.309	-14.5806
-14.3882	-9.17238
-3.25589	3.7817
2.98963	-17.9852
-12.381	-9.6996
-18.1083	-12.6223
-10.2278	-2.1365
8.81848	5.3278
6.16787	1.88388
7.31703	3.19158
5.46704	-5.81731
0.909311	0.360144
-3.07632	-2.74105
-1.11168	-11.4657
-9.85287	-21.514
-26.2922	-6.53928
-3.22657	-21.4247
-19.8458	-10.7388
-15.1519	-9.06373
-14.3115	8.07649
0.927805	-2.82303
4.43364	-6.42254
-2.24365	-1.12328
1.18909	-1.26953
0.522413	0.191942
-4.65866	-2.30072
-2.05143	-22.9872
-26.2802	-14.159
-10.93	-7.05025
-4.54928	-2.2568
2.62172	-4.93035
-10.0946	-3.93953
-1.15803	-5.12958
-0.426527	-5.64616
0.898529	-10.4346
-6.59768	-14.3391
-7.60204	-2.30638
-6.31205	-8.58958
-5.40684	-6.0212
-5.52068	-1.88595
-1.87183	-15.8884
-13.976	-14.7035
-18.2498	-8.28914
-6.6081	-3.46202
0.738334	-12.3763
-13.4867	-8.76208
-5.16859	0.223457
2.85117	0.770487
-4.6419	-11.3352
-12.7844	-2.55092
-1.27785	-5.74769
-5.31904	0.31323
-1.95284	-7.54771
-8.3488	-28.0403
-25.5153	-6.09713
-4.75535	-6.2499
-3.50823	-1.22656
-0.00816525	-1.67701
-1.07886	1.30229
4.31329	-15.0137
-12.8803	-12.7362
-7.62874	-3.16041
-1.85235	0.0369455
-3.2812	-3.25263
-0.616397	-9.50837
-11.5309	-16.5027
-18.3968	-18.2278
-18.8037	0.161679
-3.6814	-3.65079
-6.51328	-7.9292
-6.32011	-8.21091
-3.28232	3.34178
0.735933	1.79344
5.74571	7.33831
7.08033	3.5306
-10.558	-6.78677
-0.532212	5.21095
6.50441	-3.73202
-5.96764	-29.9666
-27.3251	-13.1888
-8.59868	-11.7233
-14.2419	-8.90565
-4.22877	-14.4251
-9.76661	5.41633
1.3097	-5.69988
-3.90238	-1.91904
-5.10171	-4.05483
1.76129	6.95866
10.4088	3.84856
3.23803	5.67747
2.10164	-1.08076
-4.35085	-22.5973
-21.8405	-19.5
-17.4182	-0.0138196
1.66229	-3.09884
-0.958489	-3.34489
-4.779	-3.97839
0.0640338	0.0897775
-7.17172	-5.72708
-6.16062	-6.67098
-2.66339	-8.43706
-11.4427	-0.269592
2.69304	3.93473
1.87784	-1.11071
-2.23846	-2.93895
-9.74695	-13.6247
-5.1946	-5.04459
-4.1294	0.324729
1.54922	-18.3286
-6.67157	-10.8787
-16.7164	-15.2924
-18.8415	5.09482
9.00365	6.80498
3.20448	-18.5248
-16.4678	0.41964
-0.589524	-10.6125
-14.9464	-7.0215
-2.99657	-9.77232
-9.73253	-10.4975
-15.1612	-5.35033
-8.16996	-3.45142
-1.27421	-6.64925
-4.89367	-12.6791
-3.83534	9.31441
-0.22212	-6.23935
-4.4612	1.82456
-6.16912	-5.06391
-17.6702	-5.32447
-7.81931	-8.55773
-8.5273	-4.04735
-0.175907	-4.31306
-2.76068	-10.5103
-9.88618	-26.124
-27.1056	-1.16839
-2.40745	-11.2548
-16.5561	-15.5803
-14.7094	-4.22648
-13.3206	-5.54158
-3.00414	-8.73422
-15.8293	-11.1558
-9.91228	2.25891
-0.727918	-16.1346
-12.5354	-3.65277
-4.516	-2.0545
-1.39111	-16.9715
-19.0998	5.40445
0.0929707	-9.83131
-11.6776	-6.57671
-12.0859	-22.5967
-20.5078	-10.7602
-12.3079	7.89782
13.6483	-11.3564
-13.8348	-9.69329
-11.8864	-3.19038
2.35296	-11.329
-13.0321	-3.19775
-1.17405	-9.90044
-14.9718	-21.7336
-26.0638	-11.2192
-14.3932	-17.9283
-14.4511	-1.82561
1.73066	-6.12678
-6.16344	2.05187
-6.08249	-2.74255
4.67503	-0.712789
1.86059	1.90225
5.93601	2.56928
-1.16432	-0.068971
0.746612	1.59857
-1.60406	-1.26375
-2.61108	-16.1576
-13.5165	-15.206
-12.7619	1.98205
-2.02022	-23.2963
-24.9971	-15.3761
-13.6268	-9.68733
-2.70571	9.61417
6.73333	-7.95283
-15.0034	-3.55855
1.76659	0.0727264
-3.73787	-23.9054
-21.2437	-1.54353
0.482803	-5.70239
-10.7173	-10.7571
-13.0254	-4.08748
-1.88448	-6.89609
-7.27551	-15.39
-15.2534	-16.3469
-15.1847	-14.3784
-16.1268	0.733958
0.27204	-3.29839
-1.63458	-7.68522
-7.15549	-8.14657
-9.96748	-0.622989
-4.00953	-5.10523
-6.5458	1.77612
4.55661	-5.02328
-4.37764	-30.0169
-26.6777	-13.6432
-14.2638	-9.51967
-11.7898	1.02551
-0.27157	-1.52927
-0.164018	-6.57909
-4.10684	2.11927
3.23886	-2.29825
0.644476	-5.92673
-2.31056	-7.46237
-5.51115	-7.31539
-11.0504	1.058
3.3753	-7.08289
-8.873	-27.5421
-28.4584	-0.877948
0.96742	-15.7608
-19.8553	-6.55564
-5.76651	0.770798
-11.583	-11.2003
-10.2525	-1.99625
-4.26214	-5.72728
-7.206	-1.25377
-9.26166	-5.89977
-9.3163	-2.3382
2.51587	-11.874
-9.52132	-10.2765
-11.1213	-20.6851
-21.9081	4.08888
-0.598573	-13.945
-14.1323	-3.89823
-8.55714	0.389239
-1.30158	1.73567
-1.90412	-11.2693
-7.70437	-10.6889
-3.20672	-12.1585
-10.3984	-0.776033
-3.30097	0.0119649
3.24475	-1.17437
-1.96077	-21.4164
-21.3694	-17.0726
-18.2821	0.10796
5.15804	-0.318387
-5.59956	-1.10882
-3.87296	-0.0989328
-6.24328	-4.40228
-3.08789	-9.99065
-9.87341	4.99619
-5.54346	-9.78011
-0.653772	6.88967
4.34832	-3.2603
-12.9455	-4.82216
5.94245	-0.346038
-5.8408	-1.72148
-2.89369	4.43031
-1.78009	-3.29012
-2.41142	-2.85359
-6.4369	8.22336
4.87441	-2.9267
-7.8092	9.4341
7.37882	10.0188
2.58905	-0.657896
-0.927045	-22.2394
-18.5446	-13.4365
-15.2729	-5.69006
-7.80089	-17.0161
-4.46592	-14.176
-17.1073	-2.35937
-15.764	-8.0884
-11.2492	3.15261
8.82088	1.79485
-8.50785	-5.60359
1.785	-16.114
-20.3104	-8.05536
-5.98384	4.07469
-3.0247	-6.82701
-7.51202	-14.1531
-10.9128	-0.511294
4.1573	-18.8506
-19.4684	-4.27718
-2.12555	-32.5102
-30.0466	0.944912
2.2226	-0.323321
0.413098	-20.7832
-25.7191	7.26605
5.55582	-6.14479
-11.2641	-7.55688
-5.23799	-1.13524
-1.89215	-15.9018
-15.4668	-18.0565
-22.3298	-7.33367
-7.81379	-17.9175
-12.1431	-2.04264
-5.28835	-5.38601
-5.23654	3.64967
3.8368	-7.24174
-3.56594	-14.1743
-21.9726	-6.27619
-2.90237	-1.98269
-6.1335	-2.07983
-8.16302	-3.20188
5.01151	-7.01639
-8.72684	-16.0369
-17.5824	-4.0857
-5.73208	-13.9533
-7.63947	-5.59476
-8.53696	-6.18565
6.3307	14.3048
7.0266	-7.63101
-2.87118	5.82272
-6.17324	-2.55487
-6.22733	-6.40956
-8.95304	-9.86714
-2.45312	-7.3829
-6.68444	-10.6158
-12.3615	-21.4302
-25.3297	-10.7063
-7.98299	-12.6352
-10.5388	-5.6362
-1.12763	-6.49016
-7.01243	4.06451
1.76299	-13.3026
-18.2732	-15.5902
-10.7847	1.48608
-4.33013	-16.9259
-15.7124	0.223727
1.10111	-3.3456
-4.24009	-9.56578
-14.7134	-20.3784
-20.3616	-5.68931
-6.70453	-6.40695
-3.70079	-2.0361
-2.37586	-3.62059
-7.93825	-0.035676
-8.64126	-1.38514
3.48293	-0.724298
0.893154	-1.23657
-9.83795	-8.9429
-9.18897	-0.348398
-7.83054	-11.1743
-8.18203	-11.9703
-12.8525	-2.6528
-5.64793	3.17541
5.47872	-29.0031
-25.2014	-15.3221
-17.9121	-6.09989
-6.27597	-5.87934
-3.72523	-5.09127
-4.91903	-5.18194
-7.15101	5.61229
5.67123	-19.0799
-20.958	-0.0566863
1.73964	0.108532
-1.57095	-7.03017
-5.01557	-11.7218
-9.9002	-1.15379
-1.98052	-10.4571
-5.7209	-1.94696
-5.87272	-2.89475
3.9234	5.2985
3.2336	6.71234
9.64769	-0.561628
-2.90982	4.5109
6.17201	0.105555
-10.5058	1.37229
2.65405	-6.72998
-10.7125	-11.1446
-10.4882	-16.4514
-17.76	-5.15234
-5.45494	-17.0751
-18.5295	-14.976
-12.4136	1.90924
3.30497	9.1474
10.9858	-10.5874
-13.4072	0.267734
-4.43295	-5.29722
-4.59769	0.540314
-5.51611	-9.7203
-8.4416	-6.4627
-3.5708	-14.5325
-16.5737	-16.6059
-16.8204	-1.95806
0.295839	-10.8898
-14.9968	-9.79936
-1.36356	0.0936961
-6.7511	-4.20367
-2.15637	1.85242
-2.44373	4.91381
5.70335	3.09953
5.81401	-10.2458
-14.9729	-3.31659
0.16893	-2.7368
-0.485889	-10.0805
-10.0914	-27.596
-29.1636	-4.95069
-5.41942	-8.00324
-10.0255	-6.52515
-5.55372	2.29518
4.24371	1.80554
6.87312	-11.7662
-16.7586	-7.93228
-3.1733	-1.1646
0.630131	-2.64372
-8.16391	0.524079
1.3952	-11.7292
-13.1819	-15.1614
-16.3517	-0.699251
1.92215	-4.36688
-3.54093	-25.3717
-22.6061	-10.1126
-12.9734	-18.1233
-16.5868	-6.19782
1.19976	-7.52391
-3.02706	-6.08553
1.82984	-6.44689
-9.22221	-2.66189
1.60169	4.65267
-8.93287	-10.6477
-4.25068	-21.337
-23.2206	-19.2287
-15.2189	1.67836
-2.23366	-10.5938
-7.22031	-10.4677
-11.1109	-0.0479416
-5.74188	-6.82281
-5.64439	-4.18884
0.911608	-0.0767718
2.08303	-3.12431
-11.5779	-7.83767
-8.65633	-0.452029
3.01656	-8.82101
-2.88181	-17.208
-20.0407	-14.4403
-19.056	-3.97274
1.61597	-8.54877
-8.77291	-7.57032
-4.83105	-6.58474
-2.5469	0.0655599
-2.29637	3.66659
0.924143	-0.582878
-6.47179	0.0662988
0.316959	3.73608
-0.636139	-12.0827
-5.95112	-4.53931
-6.00882	-7.90559
-1.85194	-2.5915
2.46587	1.68916
4.99103	4.21592
-2.76993	-0.51066
-11.4425	-4.21574
-4.03042	-2.34018
-6.44909	-5.49279
-5.78264	-13.4746
-18.4613	-18.632
-21.8005	0.587276
1.45192	-21.3207
-19.2432	-0.296742
-8.38158	6.93286
5.19588	-6.55621
-0.890436	3.83927
-0.656539	3.02899
0.255399	-9.30586
-1.70253	-0.978377
-1.56141	-8.74814
-3.92467	-2.54979
3.23169	-27.9061
-24.7447	-19.7847
-4.94303	5.64496
-2.21617	-30.4366
-30.1656	-7.75777
-6.14331	-4.61213
-5.28709	-6.35207
-6.30547	-4.06855
-6.0307	-6.09324
-8.70496	-4.93781
-14.3149	-9.1106
-4.7697	-1.21249
-6.2307	-5.44645
-2.77285	-20.8692
-18.0266	-16.6004
-11.8665	-1.9406
-3.86661	-28.9844
-24.481	-20.9025
-21.7531	-5.67514
-4.31863	4.75845
2.97839	-11.5716
-15.5023	-0.198221
-1.31444	-2.34259
0.257965	-14.5112
-11.0748	-5.19725
-10.3615	-4.25111
-10.27	-16.5824
-18.2665	-16.0395
-8.73144	-8.50378
-0.568078	-13.5438
-21.9601	-17.6024
-18.4107	-13.7167
-3.78275	-12.1673
-18.1164	-13.5496
-16.3162	-8.36625
-5.60349	-2.2703
-7.6519	-6.43383
1.21963	-7.49884
-3.45846	-3.08733
-6.33118	-5.42303
-4.77947	-7.42974
-9.01839	-2.82745
-1.6721	-17.2667
-18.1759	-8.48038
-6.44318	-19.75
-16.6962	-15.1168
-12.9577	-8.43777
-5.22722	-1.88339
-4.98044	-4.46369
-3.17722	1.04951
0.262306	3.44168
0.278274	-2.21308
-5.79617	-27.5771
-26.9217	-10.5425
-7.04577	-0.274342
1.9916	-12.1729
-26.3116	-10.4759
-10.887	-18.2433
-10.0286	-7.40325
-7.96195	3.33719
-0.712031	-10.1348
-11.3248	-3.07446
-2.08437	-4.66758
-7.63333	-0.998479
-2.7541	-5.88667
-7.38268	-14.8454
-14.5783	-5.5265
-8.46497	0.244118
-2.34242	-33.067
-29.1062	-6.46993
-7.12281	1.74662
0.30415	-6.96141
-0.313992	-4.39019
-12.3651	-8.29479
-8.49543	-2.58555
-1.02941	-13.1046
-10.7563	-8.61138
-14.4338	-6.96251
-5.43139	-9.58188
-9.30476	-12.8374
-12.1294	7.07755
6.67335	-23.3861
-24.8126	-9.30752
-8.49466	-21.2517
-18.9409	-3.86908
-3.14587	1.5538
-6.50461	-16.2613
-9.62042	-10.3185
-4.36266	-10.5002
-18.3374	-5.92352
-3.20458	-2.11487
-2.60265	-7.11003
-5.89439	-9.26493
-5.19982	-4.32755
-3.78866	-16.7164
-11.1641	-17.2712
-17.2927	-2.99743
2.47292	-11.3524
-13.8963	-5.96742
-9.3714	-0.934829
1.73812	5.14168
6.56249	-17.4206
-17.0281	-3.08705
-0.883612	-4.23559
-5.35058	-12.9101
-11.2591	-11.3499
-3.91706	-5.93157
-10.1439	-12.9627
-13.2919	-16.1127
-17.696	-11.2974
-12.6901	9.39017
12.2823	-0.0572239
2.02227	-5.71017
-4.49367	-8.19962
-8.07794	-11.7836
-9.99339	-3.89579
-3.66419	-6.28021
-7.60025	-5.90815
-6.38231	-17.9118
-17.2245	-11.0189
-8.95096	-7.84244
-9.20717	-13.7737
-14.3194	-18.0415
-15.8046	8.05355
9.26931	1.95803
-0.164823	-11.9786
-13.8025	-9.04235
-9.24366	-8.403
-7.11121	-5.11226
-3.31956	-5.02571
-5.05758	-5.30655
-5.41469	-14.2636
-6.11178	-8.4454
-7.92798	-8.26773
-5.15701	-6.26881
-14.8303	2.80227
4.73794	-8.91656
0.0155337	1.47559
-3.26855	-2.44847
-2.71271	-2.6132
-7.03882	-7.56352
-6.07701	-5.06085
-13.5388	-11.6129
-6.69026	-5.95227
-6.14899	-17.3808
-16.1332	-6.18068
-5.06436	-5.86787
-6.00652	-11.7794
-11.6418	-22.1319
-22.0639	-15.3336
-14.722	1.92244
-0.8878	-5.22719
-0.918884	-6.57912
-3.90222	-1.53635
-6.25288	-11.341
-2.9499	-3.36696
-3.85808	-20.1952
-22.9353	-18.6845
-13.3324	-0.697138
-4.81001	-22.2229
-28.023	-13.8726
-13.4832	-5.40974
-7.92301	-12.787
-15.8081	-1.71423
2.35931	-15.0938
-10.7966	-7.17463
-2.88237	-11.0364
-9.68634	-8.32099
-6.15645	-7.23347
-3.81724	-3.76778
-13.9985	-2.20077
-0.957714	-1.60393
0.206495	-1.84519
-3.26009	-9.41411
0.193001	-5.46503
-10.1419	-6.94642
-4.91588	-8.62974
-4.67441	-4.73785
0.648962	-4.28832
-4.81148	-0.958073
-1.63571	-1.12552
-0.917924	1.24489
-11.3911	-15.4946
-11.0102	-14.0318
-9.31451	-4.76422
-3.05918	-10.5642
-9.11807	-7.01063
-13.6776	-1.66021
-4.99419	3.21708
5.29357	-11.7659
-8.81214	-1.03788
-1.35267	-2.57127
2.71838	-23.9776
-17.1638	-0.18196
-1.39198	-2.60449
-6.05213	-26.8125
-25.9951	-7.10827
-8.98417	-11.115
-13.6823	-4.39042
-9.07008	-8.73754
-13.1087	3.27279
-1.68464	-1.71428
4.64802	-13.5676
-12.7625	-10.5802
-12.0903	-0.315093
0.0261696	-9.09824
-9.89102	-1.97364
-2.33166	-0.303809
1.63642	-8.02779
-9.15512	-29.0603
-20.2595	4.71896
0.495117	-9.58968
-13.7644	-7.32312
-6.47315	-5.18597
2.12031	-2.27993
-3.49138	-12.5319
-5.25866	-7.21749
-6.30243	-0.274411
-1.44201	-12.8322
-12.2177	-6.57075
-8.12491	-2.80126
-1.06304	-5.12534
-5.08143	-6.03119
-3.80713	-1.3887
2.08243	-7.34221
-4.59651	-12.5926
-11.6175	-16.5812
-1.18304	-11.9173
-3.48587	-0.272691
2.83126	-3.48265
-0.459483	0.492435
0.0650527	-10.2011
-10.3643	-6.09929
-3.39415	-8.3405
-7.58516	-28.8138
-28.52	-7.31152
-3.46336	-7.57636
-10.2379	-8.99743
-7.05151	-8.47271
-9.75471	-4.70089
-14.2883	-2.09818
-0.399614	-3.21225
-4.47955	-9.05419
-1.66228	-5.8438
-5.434	0.206273
-4.94902	-3.87562
2.72559	4.65647
3.05632	-23.8509
-23.3757	-17.1929
-15.1018	4.83022
2.04105	-6.98018
-11.0715	-8.54235
-4.74463	-2.78986
-1.57647	-2.88082
-6.4874	-2.74187
-4.39221	-1.33869
0.196886	-0.857292
-1.03837	0.184508
1.48712	2.19423
-3.0985	2.07119
2.25425	-16.1684
-10.5785	-5.21312
-4.17905	2.31174
-4.03476	-14.6299
-18.9717	-15.4274
-16.7489	-12.6145
-9.72618	-9.95708
-14.9229	-5.39271
-6.90543	-2.08353
-1.91039	-16.623
-14.7539	-4.82311
-10.4494	-1.43967
2.83284	-7.81685
-4.39846	-12.8296
-11.1024	-22.5106
-24.466	-5.52729
-5.85852	-11.2362
-15.5592	-12.227
-9.54226	-20.8893
-24.7806	-4.03854
-4.45272	5.03078
7.68702	-6.97246
-8.49101	-10
-12.1942	-4.21844
-2.23449	-1.27248
0.150329	-2.3233
-2.32473	-7.37686
-6.62951	-18.76
-17.4691	-15.1141
-6.83503	-4.05079
-10.7459	-11.495
-8.87522	-11.2832
-12.5549	-8.34458
-6.76109	-6.1782
-6.28551	-8.81557
-6.90577	-4.68941
-4.67037	-1.53535
-3.10111	-3.18847
-9.76989	-8.62789
-10.6177	-10.9744
-11.5913	-12.4255
-12.0958	-15.6744
-16.8788	-6.6788
-3.1884	-19.6412
-12.0529	-20.2218
-11.3704	-4.50411
-8.80685	-2.57441
0.143714	-15.6789
-1.52376	-5.58295
-5.96672	-2.83202
1.93231	-3.29888
-9.02314	-5.76792
-5.49415	-10.8549
-10.3656	-25.924
-22.4635	-10.5115
-12.4851	-9.08124
-5.6126	-6.4817
-8.32319	-14.6425
-21.594	7.0934
8.56613	-5.56717
-9.86916	-10.9607
-5.77558	-15.9033
-14.2611	-10.5327
-8.74898	-4.16407
-7.28729	-9.67291
-6.80133	-7.67875
-7.88675	-13.9062
-14.1154	3.59755
3.76994	-15.731
-15.0059	4.02933
2.76763	-32.1056
-32.8739	-16.4911
-17.7793	-11.6951
-11.4644	-3.8268
-4.41441	4.86131
7.45079	-2.50612
-5.62217	-3.00887
-5.66253	-2.42587
-3.35214	-7.94098
-9.06487	-16.9216
-15.3559	-22.1084
-22.9422	-8.32699
-8.98201	0.886664
0.17256	-6.49846
-11.9385	-11.4643
-10.9636	-2.59519
-0.205179	6.79051
4.15727	-1.92279
-4.4515	-14.7037
-18.1291	-10.7878
-6.17083	-3.32016
-6.61439	-10.5503
-9.02722	-8.25924
-13.1587	0.165808
3.03862	-13.816
-19.6464	-9.07113
-5.98748	-26.0275
-28.0003	6.03389
6.61035	-1.77849
-0.508671	-10.5593
-9.77295	-8.65571
-7.58499	-2.09671
-2.32172	0.292629
-1.02902	-5.15904
-4.81911	-10.3715
-7.06642	-24.6137
-22.3192	-14.8688
-13.243	-8.21525
-7.24237	-2.39562
-1.31315	-10.8296
-11.9049	1.01788
1.85872	2.94698
0.827692	-17.5765
-20.0883	-12.255
-9.54669	-5.40551
-4.51304	-2.78116
-2.78623	-3.37843
-2.76728	-10.6024
-11.344	-22.3849
-22.4076	-2.64815
-4.10711	-8.86598
-9.33759	-7.41432
-8.07678	-5.02047
-2.31146	4.92978
0.168174	-7.47246
-3.73485	-14.4115
-17.8604	2.18029
5.514	-11.0922
-15.135	-3.36699
-4.65012	-0.819405
-3.65361	-3.28511
-2.9892	-5.13264
-3.70366	0.417512
6.70508	-12.0401
-2.15163	-10.304
-4.43809	-0.794842
2.70844	-5.49064
-6.1533	-7.6357
-3.84709	0.901866
3.87662	5.21618
1.413	0.961534
-9.37802	8.26381
4.58366	-11.3466
-15.8799	-23.9837
-11.7706	-1.97539
-2.74721	-2.84324
-1.26444	-32.8964
-31.1853	-12.3691
-11.7929	-4.74116
-7.4367	-7.51269
-0.0246745	-0.567197
-4.1644	-0.291696
-5.38929	1.20671
4.37677	-18.1215
-12.3213	-2.70844
-3.4602	-4.68844
1.01243	-24.3642
-25.6681	-9.87316
-12.2919	-9.76705
-2.56212	0.708481
-2.503	-15.5156
-20.2789	3.11934
1.82516	0.354111
0.556658	11.6744
11.6262	12.1465
9.10118	-2.82109
0.787621	-1.29241
-5.21551	-2.18931
-3.69663	-7.13549
-5.16762	-10.0915
-4.27564	-19.0287
-21.2363	-8.22008
-6.92678	-12.2737
-12.2896	-7.33028
-5.59696	-1.8139
0.833856	-2.84831
-1.6459	-8.2861
-10.4863	-17.2629
-13.9928	7.25945
11.1459	-9.49635
-12.4671	-1.91271
0.412412	-7.19558
-3.95508	-18.3529
-22.1226	-13.6292
-12.8897	-7.74006
-6.40586	-11.6499
-13.6588	-9.05622
-8.91035	2.0132
-3.31954	-2.6296
-0.69569	9.26686
4.54232	-6.53172
-8.13144	-3.23822
-10.6282	-8.70771
-4.35064	-4.68351
-5.77526	-6.28907
-0.193778	-7.64703
-9.44614	0.634972
-8.18151	6.51956
0.527608	-10.6061
-10.4637	-13.1319
-9.62343	-7.25521
-7.85164	-7.29098
-5.6739	0.325568
-0.401528	9.82397
6.6023	4.31404
-1.62749	-7.21852
-9.48387	-1.50606
-4.31676	-2.56665
2.0395	-13.0919
-10.6321	-14.4611
-10.9433	-7.12181
-13.7858	-16.5201
-19.6902	0.681652
0.511786	-8.50758
-6.17206	-5.18562
-7.95214	-6.91445
-8.83131	-7.69515
-8.08929	-3.11565
-1.35314	-9.05232
-5.44891	-6.77623
-9.90263	0.332421
-2.91087	-16.13
-18.8023	-16.5675
-16.0079	-20.8413
-17.3758	-11.3053
-10.676	5.20129
-0.0100559	-19.7931
-8.29852	7.77461
1.5594	11.8467
0.32336	0.714525
-0.967829	-4.68473
3.11287	-7.37921
-7.41038	-5.47301
-0.159433	-2.73199
-0.116154	-10.9676
-10.3209	-22.6135
-22.8281	-13.1849
-19.1887	-5.21103
-7.54274	9.96489
9.48762	-3.79167
-5.72667	-9.93477
-10.9407	0.858214
1.87785	3.61353
2.24956	-13.3392
-11.2393	-4.64279
-11.6494	-8.886
-9.75507	-3.18885
-6.94706	-12.7472
-12.882	-11.8871
-7.73671	-1.60203
1.32542	-13.8626
-6.66674	-6.12973
-9.1036	0.390221
1.09431	7.79736
1.62676	5.10248
0.166269	-1.10773
-4.76415	-5.6064
-1.06296	-2.1979
0.473415	-3.65004
4.55297	0.715089
-6.10638	-23.5107
-22.889	-23.1183
-22.4625	-1.88307
-3.60188	-6.69488
-6.223	-1.17567
-5.31445	-8.4173
-0.746515	-6.42397
2.1038	-4.88545
-9.70404	-5.41067
-15.9349	-0.788859
0.845151	-9.15053
-6.78331	-4.56016
-10.3324	-4.54239
-7.02821	-14.3761
-13.9992	-24.366
-29.4528	-12.0244
-6.71583	-10.0494
-4.57277	-2.11955
-2.70277	-7.22744
-8.29072	-2.03196
-1.75597	4.56771
7.17375	-16.1105
-13.1122	-7.16386
-9.70524	-4.48899
-2.84719	4.73552
0.0730152	-1.7608
-3.41388	-16.1509
-15.9854	-26.4585
-26.2122	-6.17512
-4.47705	-6.01705
-10.3791	-6.62546
-5.07083	-0.635106
-3.29797	7.5212
1.94466	-3.90008
-7.30631	-10.6026
-12.4675	-1.49817
-4.06006	-7.00733
-6.38885	1.09997
0.711022	-2.7746
-0.270131	-23.1561
-23.8037	-8.11496
-5.20412	-15.9869
-12.3411	-3.43453
-1.48758	-12.1248
-9.89674	2.73769
-16.5075	-3.57648
4.44639	-8.93552
-2.49875	-1.96647
1.43329	-7.10034
-9.00075	-2.92524
-0.701494	-16.0036
-16.8758	-8.17745
-1.84259	-11.7196
-12.0365	-1.00686
0.188364	-8.10232
-8.16154	-1.14623
-3.36705	-28.2412
-27.8946	-11.8465
-12.3845	-5.03118
-5.22475	-3.7196
-2.63141	-10.1225
-6.56988	0.26718
4.64533	-8.1596
-11.357	-2.29964
3.24099	-3.10508
-6.14732	-11.2286
-11.8889	-16.5845
-15.8651	-0.321773
-0.138751	-31.4241
-31.9751	-5.65003
-6.7369	-4.98878
-8.15556	-2.52947
-3.97819	0.309126
-3.12697	3.50967
7.56007	-9.5737
-9.04154	-1.11487
-0.551599	-3.54007
-4.77006	-7.20938
-8.86277	-18.5044
-18.6011	-8.20736
-12.9935	-3.09103
-4.38758	-28.1827
-20.5047	-18.4825
-14.9867	-15.0339
-13.0422	1.17387
-3.08215	7.99156
3.45514	-9.84474
-4.39302	-9.60551
-1.29561	-13.0874
-15.399	-14.1153
-13.8711	-3.27875
-5.97841	-1.77535
-2.2036	-11.7469
-12.2116	-21.5639
-11.3131	-11.8173
-10.7578	-4.55321
-10.4998	-21.4843
-15.195	0.156131
4.9698	1.91027
-7.20835	-11.8143
-7.44449	2.81552
-6.89465	-15.7877
-13.165	-4.75092
5.75427	-3.83896
-11.7998	-27.8279
-25.3891	-13.0054
-16.8464	-7.56464
2.4512	-2.97483
-10.1585	-10.0406
-11.6063	-5.344
-1.78741	-1.85023
2.62552	-3.72128
-2.24159	-16.0935
-21.7152	-5.31457
-2.05649	-3.65002
-7.40702	-2.03811
-3.92351	-2.58984
-6.97416	-2.71684
-1.78285	-9.12511
-7.71617	-3.5385
-0.345018	-17.5134
-11.492	-5.57394
-7.45112	-5.10507
-6.2918	-6.49545
-2.48271	-2.31668
-0.432463	-5.74918
-9.76915	-7.75475
1.70001	5.69453
6.23222	-5.13156
-7.99338	-6.79511
-3.67056	-3.9814
-3.61803	-13.2601
-12.2118	-11.5009
-3.72189	-16.8934
-21.3285	-7.34451
-6.79825	-30.1412
-29.4886	5.96859
12.6087	-4.79904
-6.95225	-4.42124
-6.94291	6.34977
7.37842	-11.589
-15.275	-11.6172
-4.65719	1.18997
1.01134	-12.3076
-13.971	-19.7036
-19.0015	1.49182
-0.894127	-23.5964
-22.801	0.00399184
-0.976472	9.45523
7.26497	-10.9551
-5.87448	-5.61
-6.42763	-10.8771
-6.28688	-2.96706
-8.65235	-2.47654
-0.804241	-1.59079
6.81629	-7.13543
-8.43179	-15.5957
-16.2538	-17.3571
-19.8951	-3.76486
-0.84434	-9.16389
-6.9969	-3.78338
-9.77789	3.11568
-2.37551	-2.50362
-8.65489	0.697813
3.56857	2.57573
-0.70059	-8.43345
-9.25161	-5.32817
-3.00265	-0.967182
-6.33579	-8.65894
-2.47267	-0.0936974
-6.62913	2.6368
-2.89724	0.108664
-4.01417	-3.3053
-0.623319	4.06574
-2.93847	-2.22826
0.703948	-20.1617
-13.107	-10.3961
-8.70013	-0.23177
1.29945	-18.3155
-15.6111	-16.893
-19.5783	-21.5098
-19.2793	-4.96225
-1.40612	6.55004
-1.09888	-13.1869
-15.2793	0.815009
-0.887886	-13.6259
-13.562	-1.62434
-2.13385	-2.0712
0.264642	-7.70863
-8.30323	-16.0716
-11.2355	-0.751891
-0.723776	-13.7492
-19.6484	-17.0184
-14.3159	-3.62621
-10.1713	-10.2711
-10.1304	0.426467
2.55432	-9.06653
-9.92644	3.07078
-0.95293	-6.61868
-7.32547	-0.952006
-2.65832	-4.13912
-2.46283	-17.2914
-21.3216	-8.53578
-11.8652	8.50173
3.42897	-2.68411
-7.35405	-6.92587
-11.0422	-10.7595
-16.8009	-13.8561
-11.5533	-1.09616
-1.35904	6.99916
-7.9822	-10.6297
-12.1874	0.742885
-5.52269	-5.82253
-7.21737	-7.36017
-9.89337	-15.702
-22.1663	-5.59361
-7.88043	-3.56647
-7.80783	-9.23223
-10.4953	-3.30543
-6.19781	6.87679
14.3732	-11.3847
-9.78649	-0.0111583
-5.86361	3.96081
7.49207	-0.507411
-10.1978	-1.20989
2.0767	7.02286
5.92042	-10.367
-14.9833	-10.9586
-13.2057	-9.89195
-12.3906	-3.68995
-3.49235	-19.0344
-17.6159	-18.6733
-22.3676	-5.37446
-4.08347	4.42739
8.18107	5.3703
8.49902	-14.2414
-16.3157	5.9159
3.99213	-14.516
-10.2847	1.21598
0.0784731	-7.17306
-12.4483	-7.89008
-7.49297	-24.4371
-24.763	-12.2778
-10.1777	-4.36797
-8.16946	-17.8458
-20.8882	-6.04401
-2.7725	6.88044
2.5912	-6.00834
-5.73202	-10.549
-14.0313	-1.34094
-3.50428	-8.18176
-7.3297	-1.95186
-1.9025	-12.9569
-9.88601	-8.74763
-4.59742	-14.1635
-12.1847	-3.80657
-0.811236	-11.3699
-10.4492	-12.261
-12.8094	4.37723
1.17529	-9.89249
1.71331	5.88046
3.75838	2.12079
-0.0259013	-4.57565
-9.20004	2.5858
-1.40238	-0.156191
0.190372	2.77316
-4.92551	-28.0251
-23.5596	-15.4379
-14.2986	-3.06242
-5.54186	-6.78749
-9.32897	-12.4607
-14.777	-16.1086
-13.2312	-6.77705
-7.98281	9.90048
4.53491	-18.1187
-15.1338	-6.12633
-6.16116	-11.6553
-8.79927	-5.39807
-9.61805	-7.04989
-7.45298	-8.10889
-7.69088	-7.89494
-6.50944	4.56126
4.40615	-28.0068
-27.3661	-0.537651
0.745497	-21.5812
-20.6208	-14.9746
-11.4769	-8.54087
-1.86684	-24.0044
-9.37089	2.996
-0.479611	-21.0691
-19.111	0.582699
-1.36938	-5.57082
-8.01204	-17.996
-14.9279	-15.8173
-15.9147	0.941154
1.57085	-37.6639
-34.1921	-10.2123
-13.7081	-6.96933
-8.81992	-9.8607
-11.4158	-6.59039
0.481617	1.11583
-1.76687	-11.9226
2.9034	1.20167
-5.72473	-8.55018
-7.30603	-8.41186
-4.52507	-29.0017
-27.6348	-6.98909
-7.82143	-5.53377
-0.657904	-5.72614
-13.5864	-13.0305
-10.3914	-11.1899
-11.9208	2.76049
5.85619	1.13917
-2.69225	-14.3717
-16.172	-0.0895566
4.04006	-11.4181
-12.7344	-4.70764
-8.55591	-10.9465
-7.75798	-8.90907
-11.7819	-13.7888
-19.1203	-4.15917
-5.63449	-13.7504
-17.908	-8.56451
-8.11975	-6.87279
-3.96115	6.64912
8.3832	-11.3082
-14.0863	-4.60825
-2.23102	-2.18054
-2.68874	-19.5881
-18.895	-10.1429
-8.05816	1.41135
2.01303	-5.59395
-6.25252	-11.7251
-13.1496	2.52502
2.63869	-24.4349
-21.3837	-2.6185
-2.46436	-26.733
-26.5535	-3.78185
-1.90344	-5.58216
-3.6055	-10.376
-9.88192	-0.960748
-8.11662	-11.5653
-11.615	-8.12538
-10.148	-2.74285
-3.39853	-8.5684
-7.32651	-14.8066
-15.2361	-0.451275
-0.868145	-18.4211
-18.6261	-2.79647
-3.57757	-26.5433
-25.4993	-1.8064
-3.45065	2.03226
3.1027	-17.7344
-15.817	-2.89888
-1.35092	-10.9806
-5.83765	-5.02271
-4.84926	-1.25022
-4.94599	-11.5811
-10.1648	-25.7378
-27.4221	-4.78121
-6.13513	-9.21474
-12.5831	0.111824
-1.76194	-20.3903
-27.8922	-15.8454
-14.5006	11.6619
6.1979	-13.0398
-18.5351	-10.1573
-8.94623	-11.2322
-2.12071	-3.86034
-1.38962	-4.71515
4.35015	-15.7896
-16.7494	-16.6521
-11.2023	2.89647
12.509	-4.80409
-7.01226	-15.5571
-0.797934	0.926503
-4.18265	-3.87907
-7.25208	-10.0849
-4.91249	0.620863
8.62343	-5.04665
-11.0578	-12.451
-11.4192	-0.732186
1.95456	-6.20796
-6.39878	-9.02717
-11.3522	-6.83692
-8.48545	-3.74732
-1.59567	-13.3559
-14.7098	-14.568
-12.0419	-2.08111
1.37394	-7.48382
-3.41036	2.00004
10.0096	0.798503
-6.9105	-9.93303
-6.12725	-8.79685
-17.0335	-15.5397
-11.1469	-10.1171
-4.83511	-6.92648
-7.51674	-25.9794
-26.3649	-11.1016
-8.08888	-11.1843
-8.71124	-4.06671
-9.10664	-6.7848
-8.777	6.80145
13.5584	-0.559746
-1.31198	-7.07802
-4.13953	-2.60876
-4.32626	-4.22879
-6.12396	-2.4734
-0.435956	-4.08858
-6.36113	-28.8922
-31.7018	-4.03962
-7.42073	-17.2996
-14.2915	-1.65415
-0.947731	-13.4105
-5.05222	-0.478703
-2.3903	6.88859
5.7951	-1.65196
-3.0506	-8.41375
-13.23	-7.78563
-8.33049	-7.84584
-7.69527	0.842535
2.52986	-3.85005
-4.68531	-6.72302
-6.11518	-13.7587
-11.8771	-21.2765
-12.4318	-5.06703
-11.2656	-8.24759
-6.05119	-11.8696
-8.5166	1.04443
-0.879355	3.8635
-0.437386	-13.3713
-22.5901	-3.01366
-6.53717	-8.76926
-12.4354	-9.81425
-7.02085	-2.86557
-7.58661	-1.02483
-1.97861	-12.8177
-12.386	-4.80891
-3.95772	-20.5985
-18.2569	-1.67085
-2.3468	-13.0173
-13.61	-6.59755
-11.3099	-0.145773
3.87546	-10.1733
-4.06473	-4.93254
-4.00059	-6.86591
-10.0745	-2.87828
0.299735	-1.32194
-1.29191	-10.2442
-10.2463	-12.0799
-10.0814	-3.80954
-2.36271	-18.9984
-21.8348	-7.30029
-6.59202	-0.525527
3.71119	5.27246
3.55952	-4.1583
-3.20861	-1.59968
-4.03875	-2.60371
-3.5471	-13.4888
-14.7041	-0.264901
-0.720507	-0.64461
-1.67327	-7.94118
-9.15407	-9.83345
-11.3325	-4.78581
-3.93385	-22.6856
-22.8874	-4.10713
-10.1254	5.1783
0.927463	2.95636
2.05427	-0.127207
-1.33339	-0.694848
-1.06637	-2.35377
-5.16381	-4.22719
-6.3958	-0.624215
2.1791	-0.224304
-0.00437486	-28.902
-28.9058	-8.60905
-6.00755	-9.80137
-10.1311	-5.72368
-6.99649	-10.59
-10.667	0.571059
2.99371	-4.80596
-0.547408	-0.571414
1.00074	0.694365
3.2941	-8.13875
2.6883	3.2625
2.95222	7.28785
1.579	-7.45944
-14.7292	-1.92198
-2.9422	-6.68611
-9.4859	3.15966
4.84237	-12.1439
-1.58363	-15.8745
-20.0241	-17.1443
-16.2902	-6.57157
-5.53867	-11.2962
-15.1555	-11.8631
-11.0889	-7.44308
-4.8445	8.6787
6.22564	-21.0728
-20.5815	-8.07341
-12.3049	-9.52182
-15.4411	-4.33078
2.43082	-0.321657
-0.775141	-5.22602
-6.93706	-26.4526
-29.4247	-1.85755
-1.06911	-13.3975
-7.55015	-7.54928
-11.3589	-3.67507
-4.74492	-7.64278
-4.32051	6.94464
2.98213	-12.993
-13.6469	-6.39227
-6.13539	-11.5005
-7.6703	-7.02968
-6.98786	-7.30294
-9.95729	-16.7134
-21.2274	-7.91078
-7.94516	4.96237
5.63211	-4.45674
-3.36361	2.37757
4.89513	-1.73277
-7.39122	9.77075
5.98837	-11.8711
-9.16204	-9.95118
-11.6092	5.34522
4.09496	-11.4097
-7.89538	5.12121
3.96574	-0.438689
1.58333	-9.94049
-12.5542	-23.6814
-20.479	-8.5445
-8.7365	-9.82953
-16.4417	-14.6353
-12.2093	0.0125427
-6.43337	-8.57368
-10.7763	-3.58115
-2.21913	-9.19746
-14.0565	-9.57037
-7.0851	-13.8406
-10.5347	-8.49053
-15.9628	6.55749
3.82877	-3.48132
-5.49629	-4.28508
-3.21787	4.06768
-5.4068	-8.44013
-10.6143	-7.90329
-2.73612	-2.22851
-3.54663	-12.9427
-6.39155	3.86696
3.45033	-1.15302
-1.83807	-4.70179
0.0833301	-6.52806
-3.89445	-4.2851
-4.03082	-4.24538
3.81942	-22.2509
-24.2867	-17.7366
-7.77632	5.44029
0.525475	-26.3473
-24.4475	-14.2643
-14.2686	-16.3822
-13.9223	-9.65241
-6.90147	-1.60822
-3.16869	6.41717
7.26628	-4.44942
0.763243	-11.1789
-18.8807	-2.00451
-1.19299	0.509694
4.79848	-18.6601
-17.1235	-24.0431
-24.1664	-5.26232
-9.34186	-12.9942
-11.5827	-2.41879
-1.58978	-7.92568
-11.762	8.30573
12.8486	-8.81239
-12.4168	-3.66393
-3.67194	-7.19365
-1.8077	-6.01384
-2.14906	-6.42775
-2.98333	-7.47181
-7.72651	-13.7676
-17.8321	-21.0612
-21.1682	-9.18022
-10.5065	-8.18805
-9.73501	-4.12883
-4.25665	-11.4783
-7.70169	2.27064
5.7282	-4.02882
1.00563	-12.0805
-14.4669	-9.08296
-3.35561	0.718805
-5.34478	-5.33474
-3.91994	-12.0972
-6.87154	-12.4689
-14.1326	-18.6433
-20.8366	-9.37742
-6.89025	-14.5488
-16.4829	-8.15916
-6.00832	-2.14698
1.71903	3.69511
9.70566	-11.8406
-16.5538	-14.9334
-14.2396	-7.12554
-7.80885	-2.08837
-6.43048	0.354302
-2.66933	-8.58399
-6.3197	-10.2643
-10.2784	-19.4438
-21.5118	1.30841
-3.27401	-10.7076
-4.6594	-0.978023
-2.92536	-11.4993
-6.03271	4.35539
3.11231	-7.58946
-11.5384	-15.7143
-13.9018	-2.09055
-3.99042	-10.3854
-11.603	-1.08712
-3.64932	-2.79051
-1.73403	-8.9372
-11.1474	-19.8386
-22.4554	-1.36663
-4.75479	-11.5532
-14.4894	-2.00902
1.52443	-4.97165
-9.58825	-10.6166
-10.642	0.999472
2.43072	-0.80145
-7.89807	-6.52155
-2.00657	-7.7008
-12.6157	-3.40396
-7.77443	-4.14801
-0.214885	-7.12897
-5.80738	-6.50662
-7.47991	3.88074
5.24289	-14.2051
-12.6698	-17.0526
-13.6498	-13.5249
-13.6611	-3.87016
-4.67156	-5.30159
-11.7286	-4.7105
-4.39277	-8.64198
-1.19959	-12.9488
-17.8277	-4.806
-2.52383	-0.828664
0.493429	-8.64924
-7.74401	-26.3867
-24.4499	-8.09532
-8.00441	-8.34502
-6.05799	-14.8215
-10.9258	-11.3242
-6.43429	-1.81391
-0.801811	6.46252
7.12044	-1.6977
-6.41436	-1.43913
2.61594	-5.32778
-5.30197	-4.52694
1.57253	1.53514
0.273225	-16.6692
-13.5216	-20.5923
-14.0317	-9.67449
-11.1334	-13.2056
-10.8858	-9.07852
-4.8657	-14.9346
-28.5295	-7.82772
-7.00141	4.15725
-0.0430627	-9.90831
-9.8183	-4.71626
-4.48856	-9.53664
-7.7864	-3.47035
-0.724432	-6.69236
-4.52982	-7.05703
-6.96965	-10.9912
-10.0623	8.23114
9.20543	-20.736
-14.6405	-8.6009
-12.9052	-12.9851
-4.57362	4.62661
3.04203	-4.57085
-6.33615	-17.2994
-17.5509	3.83406
5.26133	-11.2739
-13.6135	1.62282
-2.91408	0.0734991
1.45893	-11.2175
-13.113	-15.8079
-18.6415	-2.15659
-3.27265	-18.5703
-18.7201	-5.47265
-8.72649	-17.0188
-17.1639	9.48428
7.35845	-1.75362
1.54422	-9.66761
-6.04029	-2.58408
4.06917	-6.79065
-6.13907	0.184713
-5.89024	-9.96129
-0.682972	-27.7565
-29.3628	-5.83746
-7.01965	-8.233
-13.3669	-2.22435
-4.29265	-10.4572
-10.2745	4.81101
-6.88389	-1.80337
-0.401478	-12.6645
-12.5414	-18.6848
-16.6578	1.84519
1.03887	-7.66511
-10.2288	-2.82916
-0.703633	-1.87217
-2.82203	-8.04748
-12.7286	-4.64943
-12.2712	5.22302
4.93581	-8.87167
-3.51093	-6.04217
-6.42616	-7.64395
-12.9008	8.22721
5.05234	-3.83949
-2.26217	-10.7474
-13.556	-0.266154
0.0994294	-1.90923
-2.30617	0.122435
-2.16728	-0.970444
-2.92236	-12.098
-11.0955	-26.5881
-27.2015	3.45965
6.92073	-7.571
-13.6697	-5.05911
-8.51019	3.92146
6.47329	-11.905
-8.62221	-1.83779
0.716837	-11.3404
-9.41618	-0.299594
-0.196636	-11.2732
-0.654331	-4.94152
-10.3784	-0.990235
-0.665114	-6.60775
-6.71219	-9.96802
-8.78091	1.72694
6.27087	-8.53339
-2.43327	-3.87776
6.07467	4.9491
1.49668	-2.43255
0.792223	2.82031
5.24745	-1.50146
-9.16994	-5.53977
-1.94972	3.86957
-5.34267	0.414144
4.20009	-0.297887
-7.18259	-21.9107
-23.9742	-18.6001
-16.7959	0.487956
-0.839109	-3.01966
-4.53052	0.0817585
-5.43778	-1.6826
-3.28421	-4.47046
-11.3545	-5.45297
-1.47594	0.862985
0.0885462	-2.4484
-1.35414	4.22654
1.80382	0.797607
2.46773	-3.56877
-9.00689	-2.13812
-2.71172	-12.165
-13.7523	-11.5058
-9.17346	-24.764
-21.4315	3.73661
4.47566	-22.2615
-24.1542	-9.78829
-9.55125	-14.9238
-21.0075	-22.7051
-22.0781	6.02089
1.69701	2.74239
1.21691	0.51056
-0.183859	-5.86225
-4.00613	-8.6601
-9.71937	-12.7306
-15.2111	-6.98889
-9.56644	-13.5977
-8.62944	-4.00255
-16.2429	-21.6292
-13.5803	-7.94352
-4.33648	-2.90538
-2.71513	-10.0868
-11.5998	-0.774467
2.75365	-12.1467
-14.6747	4.1163
7.32459	-4.65754
1.56798	-28.6873
-27.9314	-11.8687
-15.2095	-8.99936
0.676179	-12.8226
-19.1937	-2.85088
-7.53116	-6.56167
3.38112	4.09363
2.48353	-8.53649
-11.0111	-7.97937
-3.66324	-1.7894
-7.00102	-10.4891
-7.39649	-1.33383
-9.9553	-6.67282
-0.0105803	-20.1294
-10.8772	-6.60567
-11.5018	-4.40998
-4.22566	-17.4171
-19.3632	-10.2663
-12.9383	-10.2926
-10.6311	-9.57623
-12.8272	-9.0949
-5.13546	-8.70959
-18.3079	-12.7746
-8.41106	-6.56275
-2.26072	-11.1084
-1.29152	-1.02022
-0.392662	-12.4795
-11.3404	-28.9858
-25.2591	-4.03075
-5.12552	-15.321
-16.3552	-6.59937
-5.02362	-9.67533
-8.46905	6.34183
7.78958	-5.77495
-6.83916	-19.6211
-15.584	5.71586
4.82737	-5.08209
0.320219	-10.7684
-6.54583	2.79329
-1.02479	-11.7396
-11.1042	-24.7392
-25.9999	-18.7606
-13.2585	-4.73132
-8.32153	-5.92069
-5.09799	-7.33565
-10.8083	-0.0504265
-0.18985	0.643766
2.18175	-1.80685
0.385242	0.0345206
-5.91997	-13.5514
-11.2993	5.45293
1.61526	-8.77284
-5.41531	-6.34148
-7.41193	-17.3256
-17.5127	-8.24285
-6.25158	-12.3756
-16.6596	-3.81643
-0.358174	-29.2893
-27.4597	5.03824
3.20457	2.42357
2.83438	-16.5748
-16.2729	-8.35211
-6.71364	-9.89394
-5.28455	-4.40917
-6.27014	-3.07847
-3.05438	-8.5308
-9.35774	-25.7274
-23.9856	-2.08504
-2.74711	-11.6683
-12.2806	-13.6829
-14.1685	3.94432
6.65856	-2.4282
-0.852012	7.88569
7.72825	-4.51838
3.4375	-0.998036
-0.703395	-0.169395
-2.30067	9.07281
1.84381	-12.0143
-15.4958	-24.6297
-15.8452	-7.13361
-10.9501	0.113812
-1.71118	-21.1728
-22.6555	-18.6134
-15.6694	-8.67388
-10.4397	6.77508
6.62071	-3.93098
-4.61729	-17.1865
-16.4095	6.8667
5.6157	-12.6279
-10.4493	3.34843
1.94849	-2.93258
-1.09356	-11.4893
-10.4177	-27.6566
-26.5464	-10.7258
-12.0144	-7.57604
-10.9131	-1.36937
2.45776	-15.3708
-8.24925	2.89451
1.58552	2.1615
1.23543	-10.9422
-7.15862	-6.73688
-8.02837	-6.56853
-5.37933	-5.80115
-0.219233	-7.32065
-7.98302	-7.19418
-6.60633	-15.4938
-15.5281	-4.55315
-4.3672	-14.5104
-16.82	-10.7333
-15.0785	-8.75088
-6.5801	0.800806
3.59327	-2.49588
-2.50541	-2.79905
1.23301	2.16826
-0.788778	-13.0777
-10.4142	2.90792
-3.76412	-8.16883
-4.95205	-15.562
-13.9754	4.26375
1.29186	-6.34607
-5.24207	-23.2597
-24.2548	-6.46184
-6.60047	-2.42062
5.22709	-6.03763
-6.713	-5.94512
-5.45059	-1.77917
-2.95984	-13.1846
-9.06869	-8.70227
-10.9809	2.25097
3.82707	-7.18647
-7.53873	-12.9591
-10.6887	-10.7082
-11.2897	7.47622
11.9723	-9.29727
-11.2981	-2.07646
-1.05039	-1.93439
-3.69029	-11.2199
-0.845033	-3.41533
-4.75788	-11.295
-9.50145	-6.93557
0.346392	-0.629762
1.38471	-2.64929
-0.786975	0.622506
-5.99153	-21.0136
-21.8982	-17.7061
-0.747987	-4.87849
-3.03615	-2.96788
-4.3403	-8.8919
-3.60717	-5.86632
-3.08507	-8.27622
-4.5902	-8.05809
-1.60162	-4.24452
-5.47109	-6.78444
-0.584276	4.48448
-5.07332	-3.3847
-2.90637	-19.3194
-13.4255	-13.3222
-14.31	-5.57395
-1.184	-25.2217
-16.5833	-6.13545
-6.17387	-0.69218
-2.39189	-6.83818
-5.64383	-3.45259
-3.17607	-1.55291
-5.91573	-4.7708
-4.32442	-22.6402
-11.8826	-3.51404
-0.34174	-3.42555
-0.6612	-27.3578
-28.3667	-6.79369
-9.68227	-8.1486
-6.57429	-10.4139
-8.99788	-11.4232
-21.2498	-18.2924
-19.5234	9.9479
10.15	-8.95292
-15.4535	-9.35329
-9.4562	-0.923759
0.371635	-7.81317
-14.441	-7.01103
-4.04328	-5.92308
-8.46518	-3.64193
-3.9252	-11.01
-10.3111	-1.46532
-2.0839	-14.555
-14.4193	-9.75466
-12.3827	-14.4436
-12.137	-9.74469
-10.0564	-15.547
-13.9813	-4.44784
-6.22646	-7.01481
-8.92237	-8.44472
-14.829	2.77771
1.56741	-3.0331
-2.35097	-14.643
-14.1026	-17.2903
-19.7346	-4.48036
-5.87623	-18.7078
-12.7119	-14.9302
-16.6426	-7.82857
-9.38756	1.56774
-3.4849	11.8843
17.4962	-5.25735
-6.18769	-8.42817
-14.7967	5.22966
-1.71178	-3.47018
-10.0112	-0.110473
-4.39504	-13.4675
-8.7699	-10.6917
-14.8374	-5.45603
-10.0626	-17.1029
-14.3716	-16.8479
-16.7421	2.20153
1.40571	-19.7126
-24.4368	4.05084
6.23002	-19.2901
-18.9815	-2.4373
-0.570633	-13.0324
-14.677	-9.02804
-9.14551	-1.53618
-3.32041	-3.59998
-3.15307	-7.10879
-5.74659	-2.63364
-0.189275	-14.111
-10.3868	-12.6846
-1.19591	-5.60854
3.56182	0.438865
-14.4683	5.62699
14.6016	-11.6826
-6.449	-6.5816
-5.97353	-10.5066
-16.0423	-2.05523
0.314297	-2.72207
-0.734008	-7.20354
-5.20303	-10.7299
-12.1404	4.20336
5.04201	-23.3872
-22.6532	-6.36596
-5.34853	-18.7808
-18.8621	-4.10702
-4.02297	3.80746
4.02064	-25.3367
-25.7411	-0.0558746
0.56237	-5.06266
-9.14968	-7.06058
-4.66206	4.45272
0.827104	-11.9677
-12.9368	-10.8728
-8.64801	-4.41118
-6.49553	-28.2089
-28.8838	-10.4434
-7.9159	-14.4703
-15.6272	-9.02829
-8.91335	-1.06907
-2.80859	-2.20022
0.0938287	-5.99471
-4.89848	0.200883
-1.20694	-8.43956
-7.5789	-8.49285
-8.84604	-15.1122
-15.3712	-12.422
-15.504	-4.09181
-2.10617	-24.6202
-23.0158	-4.70506
-7.67302	2.50184
-1.71479	-1.13493
-6.3536	2.67379
4.57627	-7.98503
-8.24085	-3.44677
0.903004	-9.17065
-8.79586	-7.52384
-9.30087	1.72767
-1.86954	-5.31305
-6.45795	-2.9821
-5.66266	6.5649
5.74939	-5.42322
-12.7146	-6.94094
-7.43666	-0.697865
-1.35057	-4.32212
-0.918469	-1.04202
-0.79133	-3.65452
-9.57225	-2.54875
-0.0209443	-4.96462
-4.58108	-0.445317
3.17418	2.21931
-0.38067	-13.571
-14.8256	-29.1433
-27.3638	-5.88662
-5.13543	-18.9714
-18.3639	-12.633
-15.6269	0.658151
0.628334	1.82652
5.77074	-2.0291
-0.557734	-10.1522
-4.64688	1.36469
2.57441	-3.02584
-1.37557	-2.3125
-0.171388	-6.63634
-5.66644	-25.5778
-28.319	-7.40466
-7.12652	-4.66491
-6.6548	-12.5578
-12.2779	-2.08602
-4.47361	-3.6148
-2.85509	-1.89218
2.94603	3.32451
-1.60972	-4.08007
0.609081	-7.93699
-3.9774	-6.48159
-9.009	-7.20466
-7.35951	1.9773
0.95441	-8.20966
-9.15942	-9.50331
-5.94569	-11.0796
-7.66525	-12.2909
-7.70165	-21.481
-12.5653	-2.10863
5.90962	-11.9982
-6.96394	-1.21745
0.695142	7.0974
10.1992	-3.15013
-3.07051	-4.19402
-11.1498	3.72526
0.132762	-16.1015
-9.15306	-16.4643
-14.4068	-2.45182
-1.46062	-2.90108
-3.00125	-28.4439
-28.8967	-7.35801
-7.79981	-11.3113
-8.26615	-11.4845
-9.76546	-0.749904
-2.09216	3.63421
0.539594	-4.93597
-6.4584	-7.04034
-3.0805	-6.4986
-7.11689	-4.04601
-7.03095	-5.41277
-5.46877	-4.04572
-3.37803	6.17045
8.04214	-14.3646
-15.1323	-12.9222
-17.3663	-7.78948
-18.7085	0.356557
5.12238	4.49196
1.13041	-15.5475
-13.1365	9.47784
9.06584	-9.36934
-10.2766	-7.6115
-8.7151	-1.43059
-1.23692	-9.18115
-10.0019	-24.8158
-17.3296	-6.97306
-8.44181	-5.26826
-4.15333	-9.35507
-11.41	-5.61322
-4.21006	8.54548
1.95882	-9.99631
-12.5936	-10.7617
-9.83537	2.76688
-1.19161	-10.3335
-10.8896	-5.34098
-2.46292	-5.65538
-4.86137	-24.1323
-26.6764	-9.12203
-9.40066	-8.67872
-5.5804	-2.92767
0.502501	-16.5408
-7.35591	5.80259
0.0691281	-3.90312
-2.51915	-0.307494
1.44885	-0.797806
8.90117	4.41817
2.97721	-7.95693
-2.76513	-6.88404
-6.16774	-4.91722
-6.59414	-24.654
-23.4769	-11.1143
-12.6539	-4.68461
-5.94158	-3.11119
-0.634557	-9.36995
-4.89091	-3.40499
-5.00629	-9.35147
-6.52301	-6.87151
-5.22107	-4.96425
-6.35037	-6.953
-0.056832	-10.1825
-2.02444	0.0696905
-5.5302	-10.4759
-5.83694	-3.19165
-4.16684	-0.311841
-1.44989	-5.08171
-4.48399	-11.7266
-1.71424	-0.567417
2.78333	5.48848
-3.34908	-1.58114
2.4741	-24.5887
-24.5083	-20.7846
-19.0712	0.850828
3.79213	-1.72828
-5.33558	-2.39817
-2.81337	-3.89887
-7.20977	-6.17604
-3.2004	1.10268
-3.02459	-9.23895
-0.694783	3.03568
-4.2201	-1.00876
0.346279	2.39016
-3.12237	-12.1422
-8.79449	-19.6176
-17.61	-14.7221
-6.73168	4.18061
-12.7709	-15.8795
-22.1064	-14.3746
-13.6085	-16.2709
-15.0384	-7.85959
-6.67262	-4.46452
-4.72695	-7.91559
-8.2365	-4.25673
-1.70627	0.880526
-7.80102	-5.60265
-5.08052	-2.35513
-4.7604	-14.1485
-16.2429	-12.8211
-12.24	3.95317
4.39651	-10.8571
-5.50477	-0.412403
0.890837	-5.81604
-4.26746	3.79708
-1.2481	-0.0284054
-4.83416	-6.6124
-5.58447	-6.4617
-5.61183	-10.6089
-14.8402	-0.908072
-1.44775	-5.94914
-4.61545	-15.2907
-15.429	-13.7903
-10.6357	-3.83208
-7.29907	-33.438
-29.5103	4.99321
5.67681	-20.5883
-25.5513	-1.83346
-1.27958	-4.63144
0.7119	-18.7062
-17.213	2.75747
2.66894	-12.0504
-12.2316	-8.25891
-9.5262	-2.29185
1.62041	-14.9336
-15.9501	-6.18634
-12.6186	-5.95607
-0.416237	-28.3593
-22.3702	-20.6973
-19.0682	-6.06792
1.79066	6.06869
2.58878	-2.9967
-9.6904	-9.40096
-7.44069	-0.231213
5.4008	-16.3642
-13.0162	0.480911
4.82165	-9.4737
-9.71189	-17.372
-22.6686	-12.0624
-15.2596	-8.52395
-5.89184	-6.36597
-14.0748	-4.37413
-7.2035	6.20456
1.2444	10.0414
3.17433	-8.74211
-9.3955	-11.4488
-13.9255	1.06628
2.29635	-11.25
-15.0416	-0.230926
1.18388	2.35899
-2.92973	-9.25247
-5.65616	-14.6242
-12.4744	-0.146759
2.8976	-20.8436
-19.5347	-6.72431
-9.25179	-22.0827
-22.6986	-2.92862
-3.4408	-3.45671
-2.97357	-26.6393
-23.5162	7.41059
1.63153	-6.99325
-7.27665	-9.96104
-11.4637	-3.16844
0.0952301	-14.177
-14.9325	-13.3236
-11.6325	-1.14863
-2.15718	-29.5962
-26.8328	1.7348
-5.08535	-18.0576
-18.7257	-11.6731
-11.4076	-8.64564
-5.83711	-4.71006
-4.65992	-6.35279
-4.42521	-4.24867
-1.88629	-5.5042
-1.86505	-5.17812
-9.18758	-21.7437
-23.9767	-0.963247
-7.87192	-0.25159
0.872512	-4.10562
-6.74913	-21.8431
-16.8077	0.516111
-9.6178	3.85268
1.92459	1.58613
9.29329	-15.6468
-18.6593	-2.39286
-6.82454	-6.52213
-3.04972	-1.31291
-2.2259	-4.79488
-5.62525	-12.4692
-11.0702	-22.4953
-25.9049	-8.40068
-3.19741	-15.412
-17.457	4.22775
2.808	-17.8202
-14.8879	3.30434
-4.1267	7.04813
1.06397	-9.40854
-3.61386	-22.1385
-16.5063	7.39932
-0.511497	1.47646
-6.08064	-8.01931
0.140639	-27.3025
-28.5066	-10.8116
-11.3546	-4.30243
-1.73696	-7.47794
-5.06149	-7.64775
-14.7356	-7.40587
0.0442871	7.44029
0.377099	-11.7403
-11.5413	-15.6902
-18.2597	-7.16117
-14.1187	-0.348551
-5.05333	-7.05552
-5.82553	-4.77897
-6.2524	-7.34843
-6.87611	-17.6449
-15.4941	10.3812
8.43985	-13.4787
-12.1916	-12.0827
-13.1576	-22.3415
-19.9257	-9.56773
-3.14969	-3.28821
-4.25135	-6.30477
3.44221	-7.70862
-0.774441	-2.26162
1.39646	-0.916307
-5.25231	2.97932
-1.72412	-14.0779
-12.3794	-12.6214
-6.27952	-1.11624
-2.40988	-15.6719
-18.0834	-3.98704
-5.45784	1.6578
2.42923	-4.36692
-4.2102	-8.40409
-8.33976	-5.02854
-3.06467	-7.14319
-10.7822	-11.3394
-9.93302	3.18436
4.1579	-4.12623
-3.07589	-9.62507
-6.33594	-15.9868
-10.8428	4.17894
2.46428	-12.2624
-14.6267	-10.1504
-9.60128	-10.526
-9.71584	-8.97064
-7.44898	3.18312
-0.693086	-9.13626
-9.01296	-6.67214
-6.71051	-3.4799
-8.91026	-9.46922
-9.69566	-4.33728
-2.79789	-11.759
-11.1701	2.43798
-0.508414	-3.6968
-3.39277	-13.0133
-8.81338	-11.712
-12.5428	2.18792
1.59274	-6.09076
-9.13112	2.17656
2.54054	3.08146
3.68661	-3.06048
-3.45069	-9.122
-3.87276	6.38558
5.73462	-3.11818
-6.06503	-23.5027
-24.4501	-7.36406
-9.03814	-13.7051
-8.09129	-8.60845
-8.13106	-20.2805
-13.8573	-6.04919
3.77318	-2.93003
-0.991311	5.20923
0.277214	1.97184
6.97736	-3.10297
-5.14545	-9.92879
-4.87501	-3.84249
-6.51512	-8.44245
-6.13751	-17.7619
-17.3809	-14.0972
-12.1617	0.957124
1.91692	-6.70114
-1.32556	-4.89354
-6.79196	-4.16455
-0.0264026	-1.72731
-7.05308	-5.69441
-7.55918	-2.78187
0.465082	4.81284
2.59653	0.692712
-4.08241	-1.48394
1.27142	-3.86673
-0.128353	-1.28832
-0.609575	-27.0544
-27.3352	-11.8177
-11.0835	-4.83783
-6.98947	-2.80757
-8.11894	-0.754739
-7.99422	4.69659
-0.814342	-6.78023
-14.441	-1.73889
2.75082	-0.833983
-3.34513	-8.23164
-5.02697	-4.36469
-4.65791	-5.02885
-3.82336	-9.54789
-13.4746	-15.1409
-17.6964	3.75761
-0.779269	-3.98509
-4.76777	-3.81592
-6.72861	-3.23343
-6.68663	0.321757
-0.242669	-5.55101
5.24823	5.17465
2.30134	0.139283
-2.24356	-0.24599
2.89792	-10.5471
-16.266	-0.911518
2.72583	-6.27753
-1.48932	-13.0185
-15.4654	-25.3064
-26.877	-3.81022
-0.6334	-8.32162
-9.0143	-4.72244
-4.43637	-2.43712
-6.44866	-0.209452
1.13876	-14.5603
-12.0164	-7.63436
-5.77848	4.27547
-2.30137	-11.4027
-5.97371	9.33509
7.01706	-0.189229
-1.58984	-16.7861
-13.632	-15.2223
-15.9218	1.93667
-1.0277	-20.0765
-19.7557	-11.2394
-13.7751	-10.7861
-8.44068	-13.0023
-14.2676	-4.58504
-6.48122	-9.95576
-8.79829	-7.66673
-2.63644	-14.0411
-13.4638	-12.6174
-3.53247	-7.85621
-7.69272	-28.2174
-30.2008	-4.3019
-5.84082	-17.4293
-14.2517	1.18287
-4.72673	-4.77969
-6.09713	0.749608
4.52604	6.11813
-4.8779	-6.12703
-3.92245	-4.54746
1.59393	0.838378
-8.01794	-3.8694
-0.219604	-1.50059
-0.0499358	-11.0287
-8.08843	-22.1296
-22.7127	-17.3938
-17.2821	1.24462
-0.792287	-8.17239
-10.3493	-6.35178
-3.45791	-5.00433
-1.8864	-7.53038
-8.67687	-0.348488
-2.71947	-17.65
-16.2445	0.960207
1.36309	-10.309
-14.4471	-8.89955
-2.80706	-6.18443
-8.44085	-7.19309
-7.26603	-13.5951
-12.9381	3.6632
4.78969	-15.5956
-13.5349	-4.95919
-8.26069	-28.9509
-25.4073	-9.27816
-8.52268	4.94634
7.56771	-16.7901
-17.9238	3.18021
-1.89976	-6.55038
-3.81149	-11.1184
-13.7862	4.09992
7.52699	-16.8224
-17.9608	-15.0818
-12.6687	-1.47582
-3.89231	-26.2983
-27.2001	-4.68405
-4.2999	-2.12541
-0.301395	-6.24468
-8.04086	-9.17305
-7.81005	-2.90946
2.12042	-6.55186
-11.3241	-10.8977
-14.3565	2.50171
-0.848138	-14.1062
-17.4705	-6.65803
-9.322	-8.82857
-6.27475	-0.488683
-6.32508	-7.59779
-10.4892	-5.34462
-10.476	-4.88465
-3.31937	-5.29386
-3.01891	8.84781
5.37253	0.018961
-6.81287	-11.7382
-1.46032	-2.64797
-8.99023	6.63939
14.5704	-3.62219
-13.2533	-18.9997
-23.7744	-19.9561
-18.1029	-1.16133
-1.58035	-11.5605
-10.4826	-7.43122
-11.4401	-4.83672
-7.70916	0.236198
-0.805138	-1.07603
-1.06254	7.85662
-8.88945	0.778984
1.63456	-10.8152
-12.2007	-8.72008
-10.9767	-11.209
-6.21742	-11.9042
-8.24951	-15.0748
-13.8533	-7.22203
-10.5264	-8.48408
-13.7824	-6.18685
-6.97749	-8.57302
-9.58257	-8.13249
-9.48331	-2.15764
-7.29914	2.54075
-0.421913	4.72866
4.91826	-3.6565
-5.68895	-2.61167
-2.76656	-2.44224
-2.51048	-16.0543
-17.9036	-1.92383
0.782669	-2.53827
0.116591	-27.3132
-21.9824	-13.8071
-12.4543	-11.3138
-10.8993	-12.1046
-14.4464	-2.41855
-4.71281	-9.3702
-10.5367	-6.00378
-8.39085	-4.12761
-6.03748	-3.84741
-2.51999	-2.94771
-1.2287	-15.3941
-19.2529	-13.1202
-11.425	-5.45047
-1.53916	-23.7422
-28.4775	-12.1522
-9.78919	-14.5438
-15.2634	-9.07017
-7.54543	0.681903
0.455524	-5.51334
-3.5513	-4.38194
-3.19622	0.858445
0.171826	-9.01927
-10.1723	-2.60781
-1.8821	-17.1983
-17.2646	1.99475
-0.896618	-5.57096
-5.86781	-29.7341
-28.6707	-3.63185
-2.29022	1.17752
4.01771	4.52976
2.93614	-12.9341
-16.4907	-0.0491821
-0.391936	-3.86563
1.21223	-10.6194
-12.3636	1.63308
1.9611	-7.95641
-3.78833	-10.1897
-9.60382	-14.0769
-13.1919	3.59322
-4.3316	-8.45972
-7.97127	-1.64691
-0.936116	1.48343
1.27151	-4.61864
-5.53521	5.4328
9.22563	1.15787
-1.87002	0.940966
-1.88046	-8.99637
-7.43662	-1.69087
-2.68162	-3.84733
1.05899	-19.8604
-24.5751	-8.81305
-10.9441	-4.65843
-5.68218	-0.989882
2.09224	-8.84216
-1.38392	3.99051
-5.4307	-15.6041
-10.9438	-7.18267
-13.2818	-5.03984
5.14233	3.97669
4.76842	-0.492235
5.10556	1.06289
2.44667	2.8306
1.37034	-10.5062
-10.8003	-5.04069
-4.05934	-3.1794
1.70466	2.69167
0.324573	0.49843
0.299027	-1.23689
4.8135	-3.57699
6.03561	-2.1612
-4.95746	1.30976
-3.73061	0.957062
-2.63625	-18.1362
-17.1886	-8.14248
-9.08469	-3.1971
-2.72477	-30.557
-28.8876	-8.99107
-6.5516	-7.13805
-4.24826	-5.5736
-11.7651	-4.02354
-2.09953	-3.65936
-7.61118	-15.8731
-11.3813	-10.2664
-9.1572	2.12784
0.919026	-7.3188
-2.31888	-11.6996
-9.99736	-19.3971
-18.6595	-0.558246
-4.99442	-24.864
-22.8388	4.84117
3.27055	-19.4978
-15.3416	-12.7343
-16.9856	4.97761
1.83771	-15.1099
-8.30305	-0.0767411
-3.88573	-14.821
-10.4747	-4.32037
-6.19677	6.01842
1.0124	-11.5731
-13.2096	-25.5043
-21.8566	2.41415
-0.622588	-14.2575
-15.0925	-6.47814
-2.9192	3.45128
-2.88991	-2.29786
1.25239	-5.22738
-6.16943	-19.7326
-18.255	2.86862
3.04378	-11.4708
-11.6286	-11.6246
-11.6009	-4.55453
-5.93025	-3.6804
-12.5335	-5.56436
-11.4448	-7.95153
-4.93264	1.1135
-6.25101	-10.5641
-4.80703	-1.94497
-0.508346	-7.99303
-8.13559	-12.7318
-7.60396	-5.03134
-6.02447	1.53462
2.70276	-11.8331
-6.48004	-5.39728
-0.0962683	-4.41735
-2.64603	-15.8761
-15.6729	-28.1811
-27.2768	-7.16079
-10.1094	-11.5274
-10.7909	-5.60869
-1.6454	-4.56872
-7.00912	4.2578
-0.276843	2.92964
3.99075	-9.49189
-12.2232	-1.77163
-10.3119	-5.18698
-3.92688	-4.86749
-2.02535	1.7153
-6.98299	-13.6204
-11.2076	-21.109
-25.9614	-16.408
-11.7709	-10.491
-9.95078	-3.81665
-9.72501	-9.84548
-12.8653	6.20331
10.8266	-4.9235
-5.73723	-9.99763
-6.08673	-5.23017
-7.92128	-9.22542
-11.066	-9.44742
1.37322	1.57239
3.73664	-21.4119
-22.6999	0.753433
2.70999	-10.1706
-8.76524	1.83056
-6.42423	-21.6996
-22.5953	-16.5246
-19.8389	3.9703
6.05355	-0.317633
-1.29538	-12.2516
-14.7286	3.17736
2.55817	-5.04574
-6.55219	-11.1095
-10.4798	-3.50879
-8.40348	-11.7605
-11.7558	-21.4115
-22.3409	-7.97178
-9.19992	-7.40391
-6.48801	-6.2556
-7.37129	-9.23496
-11.0138	3.38968
0.879586	-1.27726
-2.23752	-16.8724
-19.1882	0.00539058
2.85411	-1.98458
-2.69098	-7.95036
-8.6329	-9.99298
-11.2962	-5.44561
-9.80061	-10.5188
-14.5361	-6.42279
-9.79727	-14.9641
-14.1807	-6.62589
-5.59658	-1.95587
-9.60188	7.91536
7.36313	4.77342
5.83654	-15.159
-12.5479	3.47693
4.14737	-7.08968
-8.54601	0.0510805
-1.14049	-12.6694
-5.334	-11.3364
-14.2938	-15.3225
-18.2999	-3.66378
-0.59134	-5.58384
-14.4291	-7.82564
-6.76377	0.858338
-1.9781	6.50469
3.27491	-3.27722
-1.76603	-18.6285
-19.2917	-5.66969
-3.61577	-2.89223
-6.21337	0.613617
-1.51901	-5.63662
-3.71347	-7.96902
-7.25082	-20.889
-19.7252	-1.5141
-1.82968	-15.4199
-16.6593	-12.5969
-12.8761	-23.407
-21.1316	3.83834
5.2341	-0.0525916
0.457629	-3.33532
-0.717553	-4.95652
-8.20188	2.75786
1.03333	0.226324
1.509	-12.0103
-10.3447	-15.2237
-15.3299	4.28066
5.99924	-3.0839
-1.06393	-26.0466
-27.7045	-4.41489
-4.91717	-22.8036
-20.6423	-5.04634
-7.32496	2.31366
2.58096	-0.596159
-2.80521	-0.91963
-0.749204	-4.59937
-5.49169	-7.10654
-5.46671	-8.60095
-11.1883	-12.227
-10.5678	-16.0138
-19.4424	-3.60024
-3.29848	-6.48963
-3.73034	-1.66226
-2.561	-4.0315
-3.96979	0.0509597
0.823163	-4.92964
-9.11315	-19.0758
-18.2403	-4.5628
-5.13785	1.019
-2.94414	1.52584
2.91437	-0.0499295
-4.37185	-19.46
-19.7536	-20.2496
-18.5254	1.66705
-0.56408	-5.31504
-0.950341	-6.75847
-8.84569	-4.69538
-1.5293	-7.74697
-5.01783	-3.79359
-4.76938	-2.07669
-2.65771	-0.358495
0.508976	2.79577
0.268947	3.87597
2.21244	-3.39536
-4.44978	1.38379
-2.22571	-5.1073
-2.17164	0.172912
4.61898	-24.8075
-22.6185	-17.529
-17.3826	2.39823
0.215652	-9.0704
-7.49929	-6.68684
-6.63087	-8.42806
-2.06472	-2.93777
0.841503	-8.94511
-1.47909	-7.58322
-5.19092	4.47614
1.76206	-1.84656
0.363308	-13.5362
-5.14352	7.20248
0.883008	-12.6461
-12.1939	-26.3242
-26.6393	-11.3359
-8.99146	-13.4456
-14.2129	-8.98248
-11.379	-11.2797
-3.89353	2.21774
3.10933	5.02878
4.85043	-14.9932
-4.62064	-8.55851
-0.451266	-4.63844
-9.44368	7.62873
4.12075	-4.24746
-9.90815	-11.1858
-9.73769	-22.2519
-24.8071	-11.3429
-11.805	-14.2995
-11.4119	-3.70262
-7.02503	-8.71588
-14.0546	0.351073
5.29715	6.62237
1.04839	-2.77033
-5.59408	-5.88449
-1.02174	-5.56486
-13.3376	-6.01783
-2.97124	-4.5901
-4.35175	-8.72615
-12.3503	-13.8052
-15.4658	-2.80367
-3.22807	-14.0439
-12.8872	-11.4379
-15.1866	-17.9149
-12.0906	-11.4744
-8.53836	6.68916
10.1591	-14.168
-17.444	-5.86197
-5.57815	0.701263
-2.39584	0.555572
1.17905	-1.78475
-4.98487	-7.08971
-10.0462	-21.1866
-26.3443	-4.76737
-5.46273	-9.22074
-5.93019	-9.76102
-11.5272	-9.45735
-13.4721	6.65043
6.89642	-2.10075
-5.88969	-16.4846
-12.7326	-3.41307
-1.86151	-4.03445
-7.22226	-5.03578
-7.49919	-0.783793
-2.90173	-22.9531
-26.1704	-7.55266
-11.6424	-4.06808
-5.35036	-5.99796
-7.08221	-11.071
-14.001	-5.25774
-12.9195	-0.0719584
4.9479	-3.19292
-0.896575	-7.21301
-6.4584	-8.94279
-6.3008	-5.2105
-4.4498	-4.66973
-5.97114	-4.46983
-4.83457	-9.66658
-9.25771	-7.03815
-8.50469	-1.29445
3.7293	-7.73693
-14.1473	-11.3364
-10.9542	-5.4489
-3.05212	-11.2674
-2.61651	7.11337
4.69132	4.42329
1.04902	-3.53384
-5.03786	-9.47325
-6.70032	0.69411
-2.18896	-7.1926
-2.17115	-11.502
-12.7948	-19.3212
-16.2045	0.532664
-0.933209	-31.3879
-30.0936	-16.7983
-16.042	-9.59957
-9.05167	-7.36983
-3.10474	-11.4611
-17.8392	-10.4645
4.29447	-5.21673
-1.33102	-4.99891
-4.65909	-5.17357
3.99159	-5.79743
-7.19316	-26.469
-13.8792	-8.81353
-14.1692	-2.80883
-7.70551	-19.0967
-17.3455	-18.7122
-18.2141	-10.7957
-7.66617	8.41247
3.93581	-11.8218
-9.3829	-17.2334
-19.4744	2.3898
0.78272	-12.3463
-3.48801	-1.32462
-5.20366	-0.368278
-2.53602	-8.79737
-15.586	-16.6021
-18.032	-3.81347
-6.52816	-9.04854
-14.9029	-1.63889
1.31455	-3.91459
-8.2001	4.8502
7.49163	-4.64926
-8.46006	-10.8765
-12.3692	3.86155
5.49991	-9.05904
-18.1113	-4.33293
-2.25354	-0.137538
0.556309	-13.4297
-13.7467	-18.5069
-17.7073	0.301265
1.19225	-26.6984
-25.8845	-0.550228
-0.795562	1.25958
2.13054	-3.74499
-0.347304	-11.3319
-8.33902	-2.97742
-10.5412	-6.48979
-5.84805	2.22315
0.879152	-17.312
-17.1663	-3.62393
-1.11961	-6.12265
-9.84695	-12.7235
-5.53393	0.0572503
-6.8078	-22.3489
-20.6136	8.41147
6.80461	-20.0371
-22.4885	0.22455
-1.09473	-2.98654
-7.86755	-8.29746
-8.85114	-6.43378
-7.71108	-4.51195
-5.46529	-7.21556
0.355316	-14.1071
-14.8679	-23.1063
-27.9796	-5.55326
-5.3328	-9.88734
-10.1095	-0.344519
1.64839	-8.39397
-4.136	6.30981
4.624	-3.29019
-3.90901	4.3252
-0.834491	0.380877
-4.31794	-4.932
-1.04394	-7.43413
-7.72527	2.35965
-6.22752	3.00654
4.88612	-27.3411
-26.0219	-13.0241
-12.2556	-9.69522
-7.90567	-6.21898
-3.3523	-13.7
-5.37067	2.76666
-0.139211	-5.76896
-4.1329	-3.7411
-7.12851	-0.298324
-3.6542	-5.71437
-5.13347	3.53763
-4.02686	-12.2809
-15.5818	-5.27879
-5.80265	-15.448
-19.0741	-7.59269
-6.17631	6.55458
1.05579	-23.6663
-24.5425	-1.89485
-1.92638	-4.27736
-4.31857	-11.8151
-2.99781	-2.02236
-0.452148	-27.4477
-18.9717	-17.4096
-27.4038	-8.36887
-12.8859	-9.06879
-2.64029	-7.39352
-9.9548	-9.75342
-9.79315	0.299465
4.64576	0.872365
-2.92563	-19.9281
-19.4816	0.0656874
1.32957	-12.9086
-13.0443	-3.73823
-6.62045	-4.1855
-6.8438	-6.98704
-8.31397	-12.6048
-11.5846	6.82095
5.79292	-19.408
-17.741	-3.21718
-4.0694	-17.8488
-13.0152	-12.405
-14.5886	7.88167
6.80278	-15.5459
-12.6732	-8.46851
-7.49784	-9.52938
-10.4765	-9.08321
-8.21957	4.95647
1.7599	-5.59776
-5.86801	-17.034
-15.7856	-20.2302
-20.4615	-7.97051
-8.38909	-9.2062
-12.7239	-22.3588
-21.8594	1.91078
4.61031	7.41407
4.56284	-4.05449
-4.9247	-5.57351
-5.4699	-6.95159
-7.86899	0.523387
-1.75664	-8.9769
-7.27534	-7.77267
-8.1103	-27.47
-28.4113	-11.1942
-8.13826	-5.3085
-11.7501	-11.3357
-11.3249	-29.6673
-27.2751	1.55075
2.123	-0.434067
-8.60716	-17.2102
-14.7868	-4.99781
-5.07844	-6.45476
-10.5084	-6.13133
-7.31589	-4.74586
-4.28358	-3.67187
-15.3828	-9.30717
-13.8277	2.29971
-5.50249	-13.8882
-16.7548	-12.4894
-15.0075	-11.2141
-9.74403	16.4783
4.92139	-5.36944
-9.60698	-9.57832
-10.2402	-10.8888
-4.47439	-8.7636
-10.8766	-6.39702
1.01046	3.01373
-3.20711	-8.04814
-6.68885	-26.6118
-25.692	-2.07907
4.91025	-19.4756
-20.4834	-11.5991
-10.8936	-25.8381
-29.1477	-5.54775
-5.50549	5.30179
2.52994	-20.7394
-18.7582	-6.80019
-4.18063	-7.69545
-8.02718	-1.8908
-3.65946	-1.94743
-1.25695	-4.75246
-3.57069	-10.9835
-10.4217	0.389839
3.69841	-8.7913
-6.55759	-5.95457
-4.67345	-8.92471
-5.46333	-5.49231
-5.11847	0.685368
1.86432	-9.59457
-8.52725	-0.66168
1.41657	-11.3268
-13.2076	-0.124331
-2.44746	-6.15427
-2.50501	-6.16533
-6.46875	-7.90583
-6.72973	6.28215
3.14249	-9.37972
-8.29186	-15.66
-11.6607	-11.0449
-6.50633	-12.085
-12.4663	-8.55225
-5.57832	-10.7021
-9.5771	-4.2204
-6.5997	-4.41459
-2.83616	-8.39348
-7.9641	-8.37521
-14.4721	-15.4415
-10.7873	-11.1346
-15.1712	3.3721
1.28618	-26.9785
-22.5165	-11.3034
-10.259	-2.94287
-10.6426	2.70755
-0.423624	-0.383884
2.1899	-7.79581
-8.2743	-18.7311
-12.075	-2.03668
-4.36754	-5.62452
-1.82039	-0.876479
3.25292	-3.21122
-4.45372	-11.826
-10.0382	0.984435
0.700988	-7.85693
-12.1189	-7.74662
-5.12369	-9.02851
-4.17833	-1.44446
-4.43554	1.56332
-0.599085	-7.03805
-0.191803	-3.26421
-13.0532	-5.00635
2.10945	2.26119
-0.531539	-13.4452
-10.9093	-17.8639
-18.6485	-19.9167
-17.6567	-5.21935
-2.63525	-11.6221
-8.14324	-4.84182
-5.57398	-2.86636
1.77351	0.0583429
-10.568	-16.4577
-9.27253	-8.47501
-3.56109	-5.25961
-11.3834	1.61863
-2.31592	-4.39164
-2.87736	3.08352
0.332653	-10.1424
-6.60568	-1.8799
-4.73847	-2.2257
3.00356	1.05765
3.44618	-1.51182
-4.22874	-4.54328
-10.4288	-8.07821
-4.91518	-5.2311
-13.6824	-8.33967
-9.08887	-1.99537
2.15294	-11.7754
-11.4079	-27.3355
-28.483	-1.40953
-3.47272	-16.8377
-14.7116	-9.74496
-7.05694	-3.40125
-6.38063	2.10931
-0.0851076	7.08536
11.4993	-7.02588
-4.25668	0.725007
6.16478	-13.0161
-12.4637	0.0279063
1.68567	-7.60997
-4.64226	-6.755
-8.10302	-10.7534
-9.14478	-8.28814
-7.72198	-4.753
-5.71725	-21.9954
-25.5304	-18.4193
-7.60097	1.41461
-5.55747	-2.70411
2.11245	1.71267
-2.20316	-0.34189
3.26035	-2.9318
-4.29073	-1.37275
-3.93885	-6.67131
-2.93048	-18.366
-18.8534	-7.0852
-10.7396	0.718881
4.86618	-29.1348
-28.5859	-14.442
-19.5727	-20.4497
-18.3703	8.95389
2.43475	-3.01084
0.48129	-20.1374
-24.7069	7.71079
9.75232	-12.2975
-18.5786	-8.56356
-7.55045	-6.56054
-5.72177	-7.37093
-12.1126	-21.7033
-23.8563	-0.850699
-4.87535	-14.4404
-13.6587	-17.0961
-14.4983	3.41515
3.58662	-7.07408
-4.06164	-9.4746
-11.1658	-4.6213
-6.9378	-6.03996
-5.02817	-12.3404
-12.355	6.40022
1.74028	-6.92892
-3.24749	-9.56377
-10.3665	-4.82688
0.68919	-5.86681
-10.0087	0.788408
1.92855	-11.4184
-17.1153	5.32206
-0.180321	-9.02445
5.02237	-0.55394
-13.0111	1.98837
3.78543	0.165196
-1.98318	3.04678
0.590318	-7.03727
-11.7769	-5.3019
-1.87016	-6.82154
-7.30075	-14.9756
-13.4706	2.2764
1.5367	-20.0345
-20.1146	2.49591
-0.310362	-25.9724
-25.5839	-20.4932
-15.5406	-0.857073
-0.751379	-4.5903
-8.3684	-8.17286
-0.456665	1.61448
-1.4866	3.38435
-6.10729	0.194801
-3.72505	-7.7445
-7.86049	-22.6734
-22.325	-15.7735
-14.5951	-8.06012
-9.52604	-9.93739
-16.0002	-4.51314
3.75424	0.893588
-12.2579	3.98071
-0.865458	-0.481554
-6.83403	-4.14385
-6.8304	-1.56339
-2.45102	-2.93121
-4.2495	-7.02772
-10.3574	-9.50728
-7.16125	-25.4318
-24.8348	-5.7003
-3.46603	-18.5151
-15.0221	-13.9694
-15.1741	-21.9531
-14.5982	3.69029
2.27449	-9.76049
-11.0658	-13.1449
-7.75604	-4.83821
5.05335	0.897241
-0.497225	-8.1325
4.88485	0.810208
0.516316	-16.9515
-15.3951	-13.65
-15.0618	-1.34261
0.302217	-31.4116
-28.4198	-14.3553
-14.0123	-2.03312
-9.42009	-3.59671
-6.12605	2.12549
4.63812	-20.2342
-17.6575	-1.68577
1.58396	-11.1513
-13.8055	-8.24736
-11.6632	-2.9269
-6.93111	-7.67447
-8.73574	-4.21051
-0.565302	-7.40731
-5.33922	-9.59275
-0.74222	-9.16156
-9.10443	1.034
9.16729	-3.65687
-7.01398	3.27505
2.3431	-0.701154
-3.69301	-5.03446
-3.94629	-7.97704
-7.96875	-14.9259
-10.602	-4.19579
-3.74887	-3.96325
-4.29395	-23.182
-24.4603	-10.6627
-10.0928	-4.7253
-6.85955	-11.6101
-7.33982	-14.7494
-7.46033	1.23819
-5.76882	-0.99615
1.23257	-11.392
-3.77041	-3.36797
-5.76456	-10.0319
-6.4751	8.36928
5.66352	5.67207
6.97349	-30.945
-34.0979	-7.02571
-6.65162	-2.38177
5.58483	-10.9602
-15.1021	-14.557
-12.8338	-1.808
-5.3949	-1.8095
-1.77821	-15.7939
-12.5931	-7.64647
-11.085	-1.16334
-1.4099	-6.76088
-6.37138	-12.7118
-8.64071	-5.19618
-4.08617	-6.77695
-7.50882	-23.9981
-25.0098	1.6981
-0.229748	-13.1581
-11.3018	-7.70226
-7.48498	-3.05504
-2.31159	-3.45898
-1.76281	-6.40005
-4.24309	-17.3806
-18.1894	-0.865439
-0.876878	-5.40886
-5.22686	-3.72066
-4.25257	-5.14125
-5.56557	-5.96675
-7.47989	-14.4017
-11.6988	-6.82541
-6.30968	-22.9071
-14.7347	-1.64198
-7.82237	-11.1794
-6.23368	10.4319
13.2373	-10.2706
-16.9512	-4.6415
-5.99758	-2.31632
-4.99064	-8.58171
3.23678	-8.91183
-5.49738	-8.28947
-1.33781	0.908144
-0.0420303	-6.49123
-4.37864	-3.02018
-2.44351	-13.1139
-19.75	2.0417
2.93723	-15.5749
-13.0242	-5.02338
-5.95044	-3.10658
-4.4821	-8.79623
-8.84134	-11.5427
-12.1564	5.41669
3.88434	-15.3406
-13.4851	-15.7233
-12.9808	-10.6966
-4.90898	-0.504101
4.58962	-5.43702
-5.56177	-18.4211
-20.2866	-7.53446
-7.01155	-5.16501
-7.20664	-4.58696
-7.12567	-8.57004
-9.0898	-8.50692
-7.586	-12.3536
-11.6427	3.9975
3.53648	-4.84176
-7.30338	-10.3143
-24.7703	1.28303
8.33446	8.03994
5.02898	-5.19928
-5.99808	-17.6119
-8.40546	4.75958
1.37618	-13.3761
-14.1748	-2.97776
0.315007	-2.34125
-4.66902	-7.72211
-12.4546	-2.10944
-0.3793	-9.12018
-6.78272	1.80241
1.75455	-17.672
-16.4339	7.20282
-3.09361	-3.748
-3.43294	-8.66341
-12.8299	-3.68938
0.414784	-6.92984
-15.1782	-6.81851
-11.7543	-3.28523
-3.76917	1.64507
-1.16635	-7.59845
-12.1906	-15.0728
-19.5401	-11.0301
-12.4907	-11.8897
-10.1349	-9.01741
-5.47815	-9.824
-15.4536	4.04511
8.02268	-2.37299
4.41154	-14.0567
-9.22888	-1.04649
-2.37829	-10.3081
-7.05093	-5.15369
-2.54632	-2.14761
-4.98922	-8.35841
-9.6214	-10.8943
-11.7844	2.92281
2.48774	-4.52659
-10.0655	-12.1674
-7.14814	-4.0276
-7.92486	-7.92748
-15.8933	-3.66265
2.48637	2.77599
0.723849	-1.07093
-1.77033	-12.5965
-7.6622	-0.605172
-1.36407	-11.0277
-10.913	-7.94563
-13.4102	-7.10068
-14.8314	-1.24286
-5.40369	-15.1115
-13.3843	-9.14766
-7.00203	7.49359
4.3766	-2.61524
-7.01774	-0.025723
1.51384	-1.40595
-0.456753	-0.13054
-2.39004	-13.0592
-12.4718	4.48082
2.01987	-7.53269
-5.7158	-8.60783
-7.44782	-11.622
-9.76353	1.46216
2.34678	-21.441
-20.4582	-6.71422
-10.4906	-7.02041
-8.874	-8.31002
-9.2555	-10.0437
-3.76103	-4.94234
-10.685	-3.91621
2.70787	-0.0724314
-16.2473	-1.98479
4.18934	-12.1025
-6.26915	-9.28282
-11.5143	-17.4529
-18.5537	-9.53897
-7.14743	-14.1741
-15.5389	-15.4959
-10.3551	-12.2747
-13.9243	-0.599006
-4.32798	2.90229
4.12514	-7.96437
-12.9918	-12.3448
-9.49582	2.31177
0.482892	-7.87713
-8.37412	0.922648
-3.23043	-17.9566
-16.3193	-2.67552
-3.61045	-8.08108
1.76435	-24.8444
-24.155	0.114004
-0.475755	-19.7375
-16.641	-11.7999
-11.4416	-4.74372
-7.02029	-12.9159
-15.3864	-6.63966
-10.2267	-4.92582
-3.12721	-0.220683
4.16471	2.29032
-2.78358	-13.5987
-13.2024	-22.7681
-22.6244	-6.34484
-6.43551	-13.5399
-16.3228	-11.8115
-9.29897	-4.62714
-13.4449	8.96318
9.49698	-3.80792
-3.44216	-9.65326
-14.3309	1.72619
-1.23005	-6.04567
-3.12328	-8.64223
-6.45245	-2.45748
-1.69974	-5.78253
-6.89435	-18.876
-18.9858	-8.48298
-10.4633	-13.3314
-13.2963	-4.61998
-6.45074	-8.82713
-5.75705	-2.85953
-2.6633	-3.65568
-8.90193	-14.5885
-12.0819	-0.213608
-0.56734	-11.233
-6.49069	-7.94359
-10.4152	-4.25697
-2.93466	-8.35223
-9.15303	-10.5371
-5.99171	-5.2829
-10.3075	-17.4614
-16.9636	0.601419
0.25544	-26.6538
-27.3694	-0.623679
-5.11506	-1.42265
-0.809114	-7.67481
-4.39813	-8.36205
-12.1991	-12.7081
-8.83605	-0.0635675
1.84518	-1.91022
-2.72465	-14.2401
-12.113	-27.5064
-28.5474	-2.75381
-2.08844	-17.643
-18.8525	-9.0932
-11.1436	-18.1692
-20.4266	7.92551
6.77572	-3.19878
-2.81148	-18.3123
-21.3546	-2.38178
0.186132	-1.58897
-5.18517	3.4148
0.882667	-1.96494
2.65391	-5.80674
-5.719	-17.0329
-15.3245	-5.59743
-2.67474	-19.34
-18.4214	-1.14226
-1.83498	-23.984
-20.5241	-0.11398
-1.66732	-8.06048
-5.78061	-14.6862
-14.7625	0.0997288
4.41584	-6.53366
-4.06996	-14.9764
-12.8716	-4.42694
-8.06099	-17.3752
-18.8588	2.53351
0.381697	-4.94
-2.64858	-27.1497
-27.0612	-11.1131
-13.2491	1.96978
0.608255	-3.46522
-0.405194	-10.9478
-10.6077	-8.49031
-4.71308	4.4185
-0.913418	-3.11637
-2.36649	-10.8504
-13.2362	1.31262
2.41835	-30.4741
-31.2986	-14.0384
-11.8769	-8.22343
-3.20328	-5.9431
-6.54816	-12.1637
-11.1398	-3.2283
-10.2701	15.1186
7.75153	-6.18361
-6.07315	-6.60363
-4.45811	-7.84773
-7.32489	-5.54511
-5.36638	-2.37147
-5.45941	-2.44603
-1.69495	-8.14226
-10.8797	-8.99506
-5.33984	6.0448
7.96359	-28.3992
-32.1275	-4.3026
-2.28742	-15.4333
-16.2125	-9.61055
-9.34545	2.7291
3.59382	0.216781
0.735062	-2.92807
-3.68492	-5.76354
-9.14327	-3.54675
-1.80994	-7.26379
-7.15444	-11.9236
-10.4585	-12.137
-9.57018	1.56763
3.17004	-17.5794
-19.2114	-10.4012
-5.2638	-1.16599
-4.75356	-6.67836
-6.97949	5.88893
-2.02117	2.14721
-8.28671	-11.0689
-4.94069	-14.6288
-6.44127	-5.84482
-7.58769	-6.15612
-2.69637	-14.1213
-14.691	1.4751
-5.92941	4.44883
1.37207	-19.5439
-18.005	-9.22227
-7.12406	-8.62819
-3.77137	-4.5601
0.387536	-3.30822
-4.62924	1.04288
-1.09084	-1.28128
4.20562	-3.16862
-11.7679	-11.3394
-7.10031	1.08047
-6.18555	-9.72348
-10.5984	-20.6195
-23.0978	-2.70938
-1.23283	-0.0110965
-4.46831	-3.74963
3.78667	4.25863
-0.892311	-2.71221
-4.47307	-8.22355
-4.35628	0.647069
-5.508	0.774372
-7.94082	8.58325
10.6265	3.13723
5.75767	4.13904
5.8229	-20.735
-21.4215	-19.3391
-20.6879	1.02636
